$SPEC_ID:
No sample description was entered.
$SPEC_REM:
DET# 1
DETDESC# SPACESCIENCE4 digiBASE-RH SN 15121435
AP# Maestro Version 7.01
$DATE_MEA:
09/23/2024 16:18:17
$MEAS_TIM:
300 300
$DATA:
0 1023
       0
       0
       0
       0
       0
     274
     973
    1093
    1655
    2192
    3052
    4093
    5099
    5942
    6241
    5797
    4867
    3896
    2937
    2387
    2361
    2789
    3532
    4547
    5724
    7455
    8694
    9810
   10263
   10249
    9449
    8166
    6661
    5151
    3778
    2453
    1629
    1089
     700
     482
     353
     323
     269
     272
     279
     250
     240
     261
     220
     232
     239
     254
     272
     233
     201
     217
     207
     228
     189
     227
     187
     189
     187
     201
     153
     196
     194
     180
     188
     165
     156
     151
     133
     140
     147
     126
     130
     131
     124
     122
     125
     132
     137
     125
     105
      83
     101
     128
      97
     119
      93
     106
     107
     100
      88
     101
      89
      94
      95
      85
     103
      81
      90
      87
      85
      87
      81
      71
      82
      79
      64
      74
      77
      74
      67
      52
      58
      53
      59
      61
      66
      68
      54
      44
      59
      61
      50
      61
      56
      55
      58
      39
      52
      48
      45
      45
      43
      45
      29
      40
      32
      39
      41
      37
      45
      46
      45
      38
      27
      28
      32
      33
      26
      44
      28
      41
      42
      30
      29
      26
      25
      36
      27
      29
      21
      31
      23
      27
      27
      24
      30
      26
      25
      17
      16
      29
      11
      20
      15
      25
      24
      16
      11
      14
       6
      17
      16
      22
      12
      19
      25
      15
      25
      20
      13
      20
      24
      14
      12
      11
      16
      16
      14
      15
      15
      13
      15
      13
      12
      19
      14
      16
      21
      22
      18
      15
      11
      19
      17
      12
      13
       8
       8
       7
      13
      13
      11
       8
      12
       9
      18
       9
      19
      11
      14
       9
      14
       8
       7
      11
      12
      10
      14
       8
       6
      10
      18
       4
      15
      13
      12
      10
      17
      18
       9
      19
      12
      11
      13
       7
       8
      13
       9
      12
       7
      16
       9
       9
       9
      10
       4
      10
      11
      16
      13
      11
       7
       7
      13
      13
      12
       5
      12
       7
       8
       8
      11
       7
       4
       4
       2
       8
      14
       6
      13
       5
      13
      10
      10
       6
       6
       6
      10
       7
       7
       5
       4
       6
       7
       7
       4
       8
       8
      10
       9
       9
       7
       8
       6
       2
       8
       4
       7
       8
       7
       9
       4
       9
       9
       6
      10
       6
       6
       6
       5
       6
       5
       4
       5
       7
       3
       7
       6
       8
       4
       6
       3
       7
       4
      11
       5
       3
       7
       2
       6
       6
       4
       8
       7
       3
       6
       4
       3
       3
       4
       7
       1
       2
       2
       2
       0
       5
       6
       5
       6
       2
       7
       5
       1
       3
       7
       6
       5
       9
       7
       4
       7
       2
       3
       5
       2
       7
       7
       5
       3
       4
       8
       4
       8
       0
       6
       5
       7
       1
       5
       7
      11
      10
       3
       4
       4
       3
      10
       4
       2
       2
       3
       4
       5
       3
       6
       4
       3
       3
       4
       5
       8
       3
       2
       6
       6
       3
       5
       2
       3
       3
       2
       3
       7
       2
       5
       1
       4
       4
       0
       6
       3
       0
       3
       3
       6
       4
       3
       4
       5
       2
       4
       3
       4
       3
       6
       3
       5
       9
       2
       5
       2
       3
       4
       5
       6
       5
       3
       5
       1
       6
       4
       4
       2
       1
       6
       3
       1
       0
       3
       3
       5
       4
       3
       3
       2
       0
       4
       5
       2
       2
       3
       2
       4
       3
      10
       4
       4
       3
       6
       3
       1
       3
       2
       3
       2
       4
       3
       3
       3
       5
       3
       4
       3
       2
       1
       2
       4
       0
       2
       3
       3
       3
       5
       3
       4
       2
       3
       1
       2
       4
       4
       1
       2
       3
       2
       1
       2
       0
       5
       3
       2
       5
       2
       0
       3
       1
       3
       1
       6
       4
       3
       0
       5
       0
       2
       4
       3
       2
       3
       4
       1
       2
       5
       2
       1
       3
       1
       3
       4
       1
       1
       6
       7
       1
       5
       1
       0
       5
       1
       3
       0
       2
       3
       3
       1
       2
       4
       1
       1
       2
       5
       5
       3
       0
       2
       3
       5
       4
       2
       4
       4
       4
       2
       1
       1
       1
       2
       1
       3
       3
       3
       1
       1
       4
       3
       0
       3
       4
       3
       1
       1
       3
       3
       1
       8
       2
       1
       2
       2
       3
       0
       0
       1
       3
       4
       1
       0
       1
       2
       2
       0
       1
       2
       1
       2
       3
       2
       1
       0
       1
       2
       1
       2
       2
       1
       0
       2
       3
       2
       1
       2
       1
       3
       1
       0
       0
       1
       4
       0
       1
       0
       1
       1
       2
       2
       1
       2
       0
       2
       0
       2
       0
       3
       1
       1
       0
       1
       1
       0
       0
       2
       2
       2
       1
       0
       2
       0
       1
       0
       1
       1
       2
       0
       2
       0
       1
       0
       0
       0
       0
       0
       1
       1
       3
       1
       0
       0
       1
       0
       1
       1
       1
       1
       0
       2
       1
       0
       0
       1
       1
       0
       1
       0
       0
       1
       2
       0
       1
       0
       0
       1
       0
       1
       1
       0
       0
       0
       2
       1
       1
       0
       0
       1
       0
       0
       0
       0
       0
       0
       1
       0
       0
       1
       1
       1
       3
       0
       0
       0
       2
       0
       0
       0
       0
       0
       1
       0
       0
       1
       1
       0
       1
       0
       0
       0
       0
       0
       1
       1
       0
       1
       0
       1
       1
       0
       2
       0
       2
       0
       0
       0
       0
       0
       0
       0
       0
       0
       1
       0
       1
       2
       0
       0
       0
       0
       1
       0
       1
       1
       1
       0
       0
       1
       0
       1
       0
       0
       0
       3
       0
       0
       0
       0
       1
       1
       0
       0
       0
       0
       0
       1
       0
       0
       0
       0
       0
       0
       1
       1
       0
       0
       1
       0
       4
       0
       0
       0
       1
       1
       0
       1
       0
       0
       0
       2
       2
       0
       1
       0
       1
       0
       0
       2
       0
       1
       1
       1
       0
       0
       0
       1
       0
       0
       0
       2
       0
       0
       0
       1
       1
       1
       1
       0
       0
       0
       0
       1
       0
       1
       0
       0
       0
       0
       0
       1
       0
       0
       0
       0
       0
       0
       0
       0
       1
       1
       0
       0
       1
       0
       2
       0
       0
       1
       0
       1
       0
       1
       0
       0
       0
       0
       0
       0
       0
       0
       0
       0
       0
       0
       0
       0
       0
       0
       0
       0
       0
       0
       0
       0
       1
       0
       0
       0
       0
       0
       0
       0
       0
       0
       0
       1
       0
       0
       0
       0
       0
       1
       0
       0
       0
       1
       0
       1
       0
       0
       0
       0
       0
       0
       0
       0
       0
       1
       1
       1
       2
       2
       1
       1
       2
       0
       0
       0
       0
       0
       0
       0
       0
       1
       0
       1
       0
       0
       0
       0
       0
       0
       0
       0
       0
       0
       0
       0
       0
       0
       1
       2
       0
$ROI:
0
$PRESETS:
Live Time
300
0
$ENER_FIT:
0.000000 2.163128
$MCA_CAL:
3
0.000000E+000 2.163128E+000 0.000000E+000 keV
$SHAPE_CAL:
3
3.599727E+001 0.000000E+000 0.000000E+000
