$SPEC_ID:
No sample description was entered.
$SPEC_REM:
DET# 2
DETDESC# SPACESCIENCE8 digiBASE-RH SN 15121449
AP# Maestro Version 7.01
$DATE_MEA:
09/25/2024 14:43:14
$MEAS_TIM:
199 202
$DATA:
0 1023
       0
       0
       0
       0
       0
       0
       0
       0
       0
       0
    1893
    6127
    5445
    4953
    4750
    5210
    6237
    7864
   10068
   12820
   15893
   19609
   23261
   26434
   29434
   31100
   32307
   32264
   31171
   29077
   26040
   22905
   19222
   16022
   12702
    9971
    7295
    5378
    3947
    2766
    1908
    1326
     958
     743
     502
     411
     338
     322
     326
     252
     254
     246
     224
     232
     207
     218
     212
     197
     171
     181
     149
     161
     131
     125
     126
     140
     118
     121
     139
     116
     112
     113
     117
      84
     113
      89
     102
     104
     119
     105
      94
      87
      97
      82
      82
      82
      71
      81
      81
     101
      87
      86
      77
      66
      77
      78
      82
      87
      68
      78
      48
      83
      61
      66
      65
      70
      72
      60
      66
      65
      66
      65
      80
      67
      64
      79
      68
      63
      48
      58
      39
      57
      45
      58
      52
      44
      50
      51
      61
      34
      47
      50
      46
      38
      51
      47
      47
      39
      38
      40
      49
      47
      47
      33
      56
      34
      32
      42
      38
      29
      38
      31
      30
      41
      37
      35
      38
      35
      34
      44
      26
      38
      43
      26
      30
      26
      27
      31
      35
      26
      25
      29
      20
      25
      32
      27
      30
      30
      24
      22
      22
      28
      25
      28
      33
      23
      35
      28
      35
      29
      22
      27
      27
      29
      23
      23
      31
      19
      17
      16
      19
      28
      14
      19
      28
      17
      19
      18
      12
      21
      21
      25
      21
      11
      13
      18
      17
      17
      16
      22
      22
      14
      12
      12
      16
      16
      16
      21
      15
      12
      24
      21
      24
      14
       4
      14
      10
      12
      13
      19
      14
      14
      15
      13
      15
      13
      11
      12
      16
      16
      15
      21
      10
       8
      13
      12
      10
      18
      14
      13
      18
       9
      11
      15
      14
       9
      19
      16
      17
      18
      16
      12
       7
      16
      12
      14
      20
      15
      13
      13
      12
      12
      20
      10
      12
      14
      15
      15
      11
      15
      10
       8
      16
      11
      16
      12
      18
       8
      14
       8
       9
      20
      18
      16
      22
      12
       9
       6
      10
      12
      12
      10
      19
      22
      14
      17
      26
      17
      10
      19
      11
      17
      11
       9
      14
      13
      15
      12
      11
      12
      10
      10
      19
      25
      11
      18
      17
      17
      13
      11
       9
      15
       9
      13
       8
      17
      19
      17
      18
       7
      11
      10
      12
       8
      14
      15
      14
       8
       8
       9
      11
      13
       7
       9
       2
       9
       4
       9
       6
       6
      10
       9
       7
       6
       7
       9
      10
      11
       9
       8
       8
       3
       4
       1
       6
       8
       4
       6
       7
       3
       7
       7
       6
       7
       5
       7
       5
       9
       3
       5
       6
       6
       2
       7
       8
       9
       6
       3
       7
       2
       3
       7
       4
      13
       9
       7
       7
       7
       8
      11
       9
       5
       4
       5
       4
       1
       3
       5
       5
       7
       3
       5
       9
       3
       3
       7
       2
       7
       3
       5
       5
       7
       2
       4
       5
       4
       3
       1
       3
       0
      10
       4
       5
       6
       6
       4
       8
       2
       8
       7
       6
       4
       3
       3
       5
       3
       5
       5
       5
       1
       7
       9
       5
       6
       4
       4
       5
       5
       5
       5
       4
       7
       3
       3
       6
       7
       3
       4
       5
       6
       3
       5
       7
       4
       7
       7
       1
       2
       3
       8
       4
       2
       5
       5
       6
       5
       5
       5
       3
       3
       3
      10
       1
       5
       6
       2
       1
       2
       3
       3
       2
       4
       1
       0
       2
       1
       4
       3
       4
       4
       4
       9
       2
       5
       2
       2
       4
       3
       4
       1
       6
       2
       3
       6
       2
       3
       3
       3
       1
       2
       5
       4
       5
       4
       2
       3
       2
       2
       6
       3
       4
       2
       2
       3
       3
       1
       2
       2
       6
       4
       2
       3
       4
       3
       5
       6
       3
       7
       1
       2
       3
       2
       3
       5
       2
       3
       5
       0
       5
       3
       4
       6
       3
       2
       3
       3
       1
       1
       1
       1
       6
       6
       3
       1
       2
       1
       6
       1
       3
       3
       3
       3
       1
       4
       2
       0
       4
       4
       2
       2
       1
       3
       4
       2
       1
       2
       4
       2
       5
       2
       1
       3
       1
       0
       4
       0
       2
       3
       1
       0
       3
       4
       2
       6
       4
       2
       3
       1
       1
       3
       5
       0
       4
       2
       5
       3
       1
       1
       2
       0
       2
       1
       1
       5
       2
       2
       2
       3
       1
       2
       3
       5
       1
       2
       1
       3
       1
       1
       4
       2
       4
       5
       0
       2
       1
       3
       3
       3
       1
       3
       0
       4
       1
       3
       1
       1
       4
       4
       2
       3
       2
       2
       2
       0
       1
       3
       2
       4
       3
       0
       3
       1
       5
       3
       3
       2
       2
       5
       4
       1
       3
       4
       4
       7
       4
       6
       2
       2
       4
       7
       3
       5
       5
       5
       1
       4
       6
       7
       6
       4
       6
       6
       3
       8
      10
       4
      11
       3
       6
       4
       4
       5
       5
       3
       7
       3
       6
       9
       7
       7
       7
       6
       6
       6
       8
       7
       4
       6
       7
       7
       5
       5
       7
       2
      10
       4
       2
       9
       4
       5
       5
       5
       3
       3
       2
       2
       5
       3
       1
       5
       5
       2
       4
       2
       1
       3
       3
       2
       3
       7
       7
       2
       2
       2
       4
       0
       0
       3
       3
       1
       3
       2
       1
       0
       6
       3
       1
       1
       2
       2
       1
       2
       2
       2
       0
       0
       2
       2
       0
       2
       0
       0
       0
       0
       2
       0
       0
       1
       2
       2
       1
       0
       0
       0
       0
       0
       1
       1
       1
       2
       0
       3
       1
       1
       0
       1
       0
       1
       2
       0
       1
       1
       1
       0
       2
       1
       1
       1
       1
       0
       1
       4
       1
       1
       1
       2
       0
       1
       1
       1
       0
       1
       0
       1
       2
       1
       2
       2
       1
       1
       0
       3
       1
       0
       2
       1
       1
       1
       0
       2
       1
       2
       1
       2
       1
       0
       0
       3
       0
       2
       1
       2
       0
       2
       3
       3
       1
       0
       1
       1
       0
       2
       0
       0
       2
       3
       0
       0
       2
       1
       3
       4
       1
       0
       0
       0
       2
       1
       3
       0
       2
       1
       2
       2
       0
       1
       1
       2
       2
       1
       1
       0
       4
       1
       2
       1
       2
       2
       1
       1
       0
       0
       3
       1
       0
       1
       2
       1
       0
       2
       0
       3
       0
       0
       0
       0
       1
       0
       2
       1
       1
       0
       0
       1
       0
       2
       0
       1
       1
       0
       0
       0
       2
       0
       0
       0
       1
       0
       0
       0
       0
       0
       0
       1
       1
       0
       0
       2
       0
       0
       0
       0
       0
       1
       0
       1
       0
       1
       0
       0
       0
       0
       0
       1
$ROI:
3
6 55
212 320
787 895
$PRESETS:
None
0
0
$ENER_FIT:
0.000000 2.204597
$MCA_CAL:
3
0.000000E+000 2.204597E+000 0.000000E+000 keV
$SHAPE_CAL:
3
1.191474E+001 0.000000E+000 0.000000E+000
