$SPEC_ID:
No sample description was entered.
$SPEC_REM:
DET# 2
DETDESC# SPACESCIENCE8 digiBASE-RH SN 15121449
AP# Maestro Version 7.01
$DATE_MEA:
09/25/2024 14:34:44
$MEAS_TIM:
199 201
$DATA:
0 1023
       0
       0
       0
       0
       0
       0
       0
       0
       0
       0
    1591
    5127
    4714
    4098
    3999
    4176
    4836
    5891
    7299
    9288
   11534
   13796
   16296
   19047
   21309
   22773
   23900
   24212
   23724
   22407
   20673
   18266
   15809
   12901
   10709
    8312
    6274
    4811
    3527
    2508
    1801
    1237
     883
     660
     462
     360
     318
     254
     220
     256
     211
     206
     192
     181
     170
     183
     153
     155
     138
     153
     116
     128
     132
     123
     126
     122
     115
     126
     117
     117
      84
     121
      96
      97
      99
      85
      90
      98
     105
      96
     100
      77
      81
      82
      90
      78
      80
      82
      90
      71
      65
      73
      72
      72
      69
      69
      65
      63
      67
      69
      76
      57
      67
      70
      60
      65
      69
      50
      53
      63
      63
      68
      66
      71
      65
      60
      51
      61
      54
      50
      50
      47
      48
      53
      58
      51
      51
      39
      33
      53
      51
      55
      27
      41
      35
      39
      42
      45
      48
      42
      48
      37
      41
      37
      34
      30
      33
      33
      33
      32
      35
      28
      31
      39
      27
      33
      30
      31
      33
      31
      21
      29
      30
      17
      22
      28
      18
      31
      28
      32
      21
      28
      19
      29
      40
      30
      20
      26
      25
      26
      28
      27
      23
      26
      22
      19
      20
      30
      17
      25
      23
      32
      15
      20
      20
      20
      19
      13
      17
      22
      14
      17
      17
      19
      16
      21
      25
      19
      12
      13
      11
      19
      18
      15
      17
      17
      12
      14
       6
      10
      20
      16
      14
      10
      18
      22
      12
      17
      19
      20
      21
       9
      14
      17
      16
      13
      12
      15
      10
      12
      15
      15
      19
      21
      17
      13
      12
      14
      21
      16
       9
       9
      17
       9
      18
      14
      10
      15
      10
      11
      10
       7
      11
      15
      16
      17
       6
      17
      14
      18
      11
       8
      10
      10
      11
       5
      10
      11
      11
      15
      14
       7
       8
      11
      10
      10
       8
      12
      13
      10
      13
      13
      12
       8
      12
       9
      17
      13
      17
      14
      13
      11
      11
      10
      13
      16
      14
      13
      10
      13
      12
      15
      11
       5
       8
      11
       7
       9
       9
      11
      12
      11
       9
      12
      17
      12
       7
      14
      14
      10
       9
       6
       9
      21
      10
      11
      14
      12
       8
      12
       6
       7
       6
       5
      12
       6
      10
       7
       8
      12
       6
      11
       1
      13
       6
       8
       8
      10
       7
       7
       7
       5
       3
       5
       6
      10
       6
      11
       3
       6
       7
       7
       7
       9
       9
       4
       3
       7
       6
       8
       4
       8
       5
       9
       2
      10
       7
       4
       5
       2
       5
       8
       2
       4
       6
       7
       8
       8
       3
       5
       7
      10
       7
       4
       6
       6
      10
       6
       4
       3
       4
       3
       9
       4
       7
       5
       2
       3
       6
       7
       9
       5
       6
       6
       8
       0
       4
       4
       6
       8
       6
       6
       4
       2
       6
       7
       5
       5
       5
       4
       8
       8
       3
       3
       3
       5
       5
       6
       4
       6
       5
       4
       4
       5
       2
       7
       2
       3
       7
       5
       6
       7
       7
       6
       7
       2
       8
       5
       8
       5
       2
       3
       2
       4
       3
       3
       2
       5
       5
       6
       6
       7
       6
       6
      11
       1
       6
      10
       5
       6
      10
       1
       9
       8
       9
       0
       3
       8
       2
       1
       4
       5
       1
       3
       3
       4
       5
       5
       2
       5
       7
       5
       5
       4
       6
       5
       4
       0
       4
       4
       5
       3
       2
       2
       5
       7
       5
       5
       1
       4
       4
       3
       4
       6
       2
       5
       2
       2
       2
       2
       7
       5
       2
       2
       2
       3
       4
       3
       2
       4
       2
       4
       2
       4
       1
       0
       8
       2
       0
       5
       2
       4
       1
       2
       7
       3
       2
       2
       2
       4
       2
       5
       0
       3
       7
       1
       3
       1
       3
       2
       6
       3
       4
       4
       4
       2
       2
       4
       3
       4
       3
       3
       7
       5
       8
       4
       1
       2
       3
       3
       1
       4
       5
       4
       1
       8
       7
       3
       5
       3
       3
       2
       2
       3
       4
       5
       3
       0
       0
       4
       1
       6
       5
       0
       0
       2
       2
       5
       2
       2
       2
       2
       4
       2
       2
       2
       1
       1
       2
       1
       0
       4
       1
       1
       1
       1
       5
       5
       3
       0
       3
       0
       2
       2
       4
       3
       3
       0
       5
       0
       0
       6
       3
       3
       1
       1
       2
       3
       2
       4
       3
       4
       0
       3
       2
       0
       2
       2
       2
       3
       0
       3
       1
       3
       2
       4
       3
       0
       2
       1
       0
       2
       1
       1
       2
       2
       3
       0
       2
       2
       5
       1
       1
       0
       0
       3
       1
       1
       0
       3
       3
       2
       3
       2
       6
       2
       2
       2
       4
       4
       3
       2
       1
       3
       4
       1
       3
       7
       8
      10
       6
       6
       3
       5
       4
       3
       2
       6
       4
       7
       8
       3
       5
       5
       4
       3
       5
       5
       7
       6
       7
       6
       6
       6
       6
       6
       9
      10
       5
       6
       5
       5
       9
       6
       8
       1
       6
       7
       9
       4
       7
       6
       9
       3
       8
       8
       7
       5
       5
       7
       5
       4
       4
       1
       8
       2
       2
       5
       4
       3
       4
       3
       1
       2
       7
       7
       0
       4
       2
       1
       5
       1
       3
       1
       3
       0
       2
       1
       1
       4
       1
       5
       1
       0
       1
       3
       2
       3
       1
       1
       1
       3
       2
       1
       1
       0
       2
       1
       0
       2
       0
       2
       1
       1
       3
       2
       1
       1
       1
       0
       0
       1
       2
       0
       0
       1
       0
       1
       2
       2
       0
       0
       1
       0
       0
       4
       1
       1
       0
       2
       1
       1
       1
       0
       0
       2
       0
       0
       0
       1
       1
       1
       0
       1
       0
       0
       0
       1
       0
       0
       1
       2
       1
       1
       0
       0
       0
       0
       1
       0
       0
       1
       0
       2
       0
       0
       1
       0
       2
       0
       1
       2
       3
       0
       1
       0
       0
       1
       1
       0
       0
       1
       2
       0
       2
       2
       1
       0
       1
       2
       2
       0
       1
       2
       2
       1
       2
       1
       4
       0
       2
       4
       2
       1
       3
       0
       1
       1
       1
       0
       2
       1
       1
       2
       0
       0
       0
       1
       0
       0
       2
       1
       0
       0
       1
       1
       2
       0
       1
       2
       0
       0
       2
       1
       1
       0
       0
       0
       0
       0
       1
       0
       0
       1
       0
       0
       1
       0
       1
       0
       0
       0
       0
       0
       2
       0
       1
       1
       1
       0
       0
       0
       0
       2
       1
       0
       0
       1
       1
       0
       1
       0
       1
       1
       1
       0
       0
       0
       1
       0
       0
       0
       0
       1
       1
       1
       1
       0
       0
       1
       0
       1
       0
       0
$ROI:
3
6 55
212 320
787 895
$PRESETS:
None
0
0
$ENER_FIT:
0.000000 2.204597
$MCA_CAL:
3
0.000000E+000 2.204597E+000 0.000000E+000 keV
$SHAPE_CAL:
3
1.191474E+001 0.000000E+000 0.000000E+000
