$SPEC_ID:
No sample description was entered.
$SPEC_REM:
DET# 1
DETDESC# SPACESCIENCE4 digiBASE-RH SN 15121435
AP# Maestro Version 7.01
$DATE_MEA:
09/23/2024 14:41:19
$MEAS_TIM:
300 300
$DATA:
0 1023
       0
       0
       0
       0
       0
     264
     855
     970
    1353
    2170
    3380
    4821
    6282
    7320
    7704
    6941
    5809
    4588
    3513
    2863
    2691
    3125
    3933
    5118
    6194
    7507
    8678
    9628
    9880
    9518
    8552
    7372
    5837
    4360
    3221
    2244
    1464
     946
     634
     451
     373
     285
     278
     275
     248
     267
     259
     257
     228
     257
     225
     206
     216
     247
     217
     197
     202
     214
     212
     211
     206
     189
     191
     176
     186
     187
     187
     151
     154
     164
     141
     146
     150
     175
     142
     151
     126
     146
     130
     138
     139
     128
     131
     115
     116
     122
     120
     112
     114
     101
      85
     104
      95
     106
     100
      93
      91
      98
      97
     100
      82
      82
      83
      80
      67
      65
      89
      80
      68
      64
      77
      72
      71
      78
      75
      65
      58
      54
      53
      54
      51
      63
      41
      68
      51
      53
      45
      52
      47
      43
      49
      43
      38
      46
      39
      47
      45
      31
      34
      36
      39
      35
      35
      44
      30
      36
      40
      35
      37
      27
      47
      32
      30
      28
      41
      35
      44
      32
      35
      33
      27
      30
      28
      24
      23
      39
      31
      28
      25
      34
      27
      18
      26
      21
      29
      20
      22
      23
      19
      21
      17
      22
      18
      23
      18
      17
      24
      17
      24
      17
      17
      15
      23
      18
      10
      22
      11
      12
      12
      17
      16
      12
      21
      19
      21
      16
       8
      12
      20
      18
      19
      18
      12
      13
      13
      12
      17
      18
      16
      11
      16
       9
       9
       8
      20
      15
      15
      17
      14
      12
      12
       7
      13
       9
      13
      17
      12
       7
       9
      17
      11
      21
       9
      12
      11
      10
      16
       7
      16
       6
       6
      16
       9
       8
      15
       9
      10
       8
      11
      13
      11
       8
      13
       9
       7
       6
      12
       6
      15
      16
      19
       8
      13
      14
      12
      10
       9
       5
      10
       9
      10
       7
      10
       8
      13
       7
       7
       2
      10
      12
       5
       8
       9
       9
       2
      12
       4
       7
      10
      10
       3
       6
       7
       5
       7
       3
       4
       9
       2
       6
       8
       4
      10
       4
       5
       9
       5
       8
       4
       4
       9
       7
       7
       5
       3
      14
       8
       8
       8
       3
       7
       5
       4
       5
       5
       7
       4
      10
       4
       5
       8
       7
       5
       7
       5
       3
       5
       2
       3
       6
       6
       7
       7
       6
       3
       7
       2
       7
       8
       7
       8
       5
       5
      13
       1
       4
       2
       4
       5
      10
       3
       3
       1
       6
       4
       5
       5
       7
       4
       2
       4
       3
       2
       4
       3
       5
       8
       4
       4
       5
       2
       5
       2
       7
       3
       4
       5
       3
       5
       7
       2
       4
       7
       5
       3
       1
       4
       6
       2
       3
       4
       3
       3
       1
       4
       4
       2
       6
       5
       1
       7
       5
       3
       5
       2
       3
       1
       5
       6
       3
       2
       6
       5
       4
       6
       2
       3
       3
       2
       3
       4
       3
       4
       4
       4
       3
       1
       2
       2
       1
       4
       4
       1
       1
       5
       4
       5
       0
       2
       3
       6
       2
       3
       5
       4
       5
       3
       5
       4
       3
       3
       2
       6
       5
       2
       1
       1
       7
       3
       4
       4
       2
       1
       2
       3
       3
       4
       4
       3
       1
       2
       6
       5
       1
       5
       4
       3
       6
       4
       2
       2
       3
       2
       1
       5
       3
       2
       3
       4
       5
       2
       2
       1
       3
       5
       2
       2
       1
       2
       4
       1
       3
       2
       2
       2
       3
       3
       1
       0
       1
       1
       1
       3
       3
       0
       1
       1
       2
       1
       4
       2
       1
       0
       1
       3
       2
       2
       2
       0
       0
       2
       0
       1
       0
       3
       1
       4
       1
       1
       2
       2
       3
       1
       3
       3
       3
       1
       4
       1
       4
       5
       3
       3
       2
       0
       5
       6
       0
       5
       1
       4
       3
       1
       3
       6
       3
       2
       3
       1
       4
       3
       5
       5
       5
       4
       5
       2
       3
       1
       4
       3
       4
       4
       2
       4
       4
       3
       2
       6
       3
       3
       2
       5
       2
       2
       1
       3
       4
       1
       4
       3
       2
       2
       2
       0
       2
       3
       3
       4
       1
       2
       3
       3
       1
       3
       2
       1
       0
       2
       1
       1
       2
       2
       5
       2
       3
       2
       2
       4
       1
       1
       1
       4
       1
       0
       0
       0
       2
       2
       1
       2
       1
       2
       1
       2
       1
       1
       0
       1
       1
       2
       4
       2
       3
       0
       2
       1
       0
       2
       1
       0
       3
       2
       1
       1
       1
       0
       2
       2
       1
       1
       1
       2
       1
       0
       2
       0
       1
       1
       0
       2
       0
       3
       0
       2
       2
       0
       1
       2
       0
       0
       4
       1
       0
       0
       0
       0
       1
       0
       1
       3
       1
       0
       0
       3
       1
       0
       0
       1
       0
       0
       1
       1
       1
       1
       0
       0
       0
       1
       2
       0
       1
       0
       3
       1
       1
       0
       2
       1
       0
       1
       0
       0
       0
       3
       2
       2
       1
       1
       0
       1
       0
       3
       0
       3
       0
       1
       1
       0
       0
       0
       1
       1
       1
       0
       0
       1
       1
       0
       1
       0
       1
       1
       2
       2
       1
       2
       0
       0
       1
       2
       1
       0
       2
       0
       0
       0
       0
       0
       0
       0
       1
       1
       0
       0
       0
       2
       0
       0
       0
       0
       1
       1
       2
       0
       0
       0
       0
       1
       0
       0
       1
       1
       0
       1
       0
       0
       0
       0
       0
       0
       1
       0
       0
       0
       2
       0
       0
       0
       0
       1
       0
       0
       0
       0
       0
       0
       0
       0
       0
       0
       0
       0
       1
       1
       0
       0
       0
       0
       0
       0
       0
       1
       0
       0
       0
       0
       1
       0
       0
       0
       1
       0
       0
       1
       0
       1
       0
       1
       1
       0
       1
       1
       0
       0
       0
       2
       0
       1
       0
       0
       0
       1
       1
       1
       0
       2
       0
       0
       0
       0
       0
       0
       1
       0
       0
       0
       0
       1
       0
       0
       0
       0
       0
       2
       0
       0
       0
       1
       0
       0
       0
       0
       0
       0
       0
       0
       0
       0
       1
       0
       0
       0
       1
       1
       0
       0
       1
       1
       0
       0
       0
       0
       0
       0
       0
       1
       1
       0
       0
       0
       1
       0
       0
       1
       0
       0
       0
       0
       0
       0
       0
       0
       0
       0
       0
       2
       1
       1
       0
       1
       1
       0
       1
       0
       0
       0
       0
       0
       0
       0
       0
       0
       0
       0
       0
       0
       0
       0
       0
       0
       0
       0
       0
       0
       0
       0
       0
       0
       0
       0
       0
       0
       0
       0
       0
       0
       0
       0
       0
       0
       0
       1
       0
       0
       0
       0
       0
       1
       1
       0
       0
       0
       0
$ROI:
0
$PRESETS:
Live Time
300
0
$ENER_FIT:
0.000000 2.163128
$MCA_CAL:
3
0.000000E+000 2.163128E+000 0.000000E+000 keV
$SHAPE_CAL:
3
3.599727E+001 0.000000E+000 0.000000E+000
