$SPEC_ID:
No sample description was entered.
$SPEC_REM:
DET# 1
DETDESC# SPACESCIENCE4 digiBASE-RH SN 15121435
AP# Maestro Version 7.01
$DATE_MEA:
09/23/2024 14:48:00
$MEAS_TIM:
300 300
$DATA:
0 1023
       0
       0
       0
       0
       0
     281
    1017
    1242
    1692
    2271
    3120
    4050
    5071
    5906
    6171
    5854
    4800
    3776
    2998
    2457
    2272
    2662
    3287
    4446
    5769
    7197
    8689
    9998
   10734
   10636
    9859
    8943
    7299
    5534
    4080
    2783
    1778
    1165
     761
     514
     404
     315
     278
     268
     241
     244
     265
     247
     238
     218
     229
     229
     214
     196
     232
     190
     224
     209
     185
     208
     197
     176
     196
     179
     193
     164
     162
     181
     160
     132
     120
     165
     159
     142
     141
     124
     117
     136
     139
     123
     132
     128
     120
     118
     127
     101
     101
     106
     102
      99
     102
      85
     115
      89
      82
      82
      98
      97
      87
      85
      79
      98
      86
      77
      72
      74
      75
      70
      88
      69
      76
      59
      63
      60
      76
      62
      64
      64
      55
      64
      63
      71
      62
      53
      59
      55
      38
      50
      45
      61
      43
      46
      41
      38
      50
      45
      55
      29
      31
      37
      49
      41
      37
      33
      39
      45
      44
      38
      18
      33
      25
      33
      36
      39
      39
      29
      29
      27
      31
      27
      27
      27
      24
      26
      23
      22
      31
      23
      30
      26
      21
      19
      32
      26
      23
      26
      23
      13
      23
      24
      18
      19
      16
      18
      20
      19
      19
      17
      18
      12
      12
      14
      18
      24
      22
      20
      23
      18
      12
      25
       6
      12
      17
      14
      10
      14
      16
      20
      14
      13
      13
      14
      18
      11
      14
      11
       8
      17
       7
      12
      11
      13
      14
      14
      16
      10
      12
      13
      10
      14
       9
      12
       9
       6
      11
      14
      18
      11
      15
      18
      10
       7
      10
      16
       7
      21
      14
      15
      17
      12
      14
      11
      11
      12
       9
      14
      14
      16
       8
      10
      16
      17
      11
      18
      15
      12
      10
       9
      18
       8
       9
       9
      10
      12
      11
       9
       8
      12
       8
       4
       5
       6
       6
      11
       6
       8
       7
      11
       8
      12
      10
       6
       5
      15
       5
      13
      10
       9
       9
       8
       5
       5
      10
       9
       2
       8
       5
       7
       7
       6
       5
       1
       5
      10
       9
       5
       5
      13
       6
       5
       9
       4
      11
       5
       3
       5
       7
       9
       7
       7
       5
       7
       5
       5
       5
       8
       4
       4
       1
       9
       1
       4
       5
       6
      10
       6
       8
       6
       4
       1
       4
       8
       4
       6
       2
       5
       3
       3
       5
       6
       3
       4
       5
       3
       5
       1
       4
       6
       2
       6
       4
       6
       4
       2
       4
       7
       7
       9
       3
       2
       8
       7
       4
       4
       7
       8
       4
       3
       5
       4
       7
       7
       8
       2
       6
       4
       2
      10
       9
       2
       3
       8
       8
       3
       3
       4
       4
       3
       2
       3
       7
       4
       7
       2
       3
       3
       5
       0
       6
       1
       5
       3
       3
       5
       3
       2
       0
       1
       3
       2
       1
       4
       2
       6
       4
       3
       4
       4
       4
       3
       1
       1
       9
       5
       4
       3
       3
       4
       6
       3
       7
       2
       0
       6
       2
       1
       3
       6
       5
       1
       4
       3
       5
       1
       5
       4
       6
       4
       1
       2
       4
       3
       1
       3
       0
       4
       2
       2
       4
       4
       5
       3
       4
       3
       6
       0
       4
       4
       2
       2
       3
       5
       6
       5
       3
       3
       2
       4
       0
       2
       2
       4
       2
       3
       2
       1
       2
       3
       2
       2
       1
       3
       4
       0
       0
       1
       3
       3
       1
       3
       5
       1
       6
       1
       1
       1
       1
       5
       0
       2
       1
       1
       2
       4
       3
       1
       4
       1
       4
       2
       3
       3
       2
       2
       0
       4
       6
       2
       3
       6
       2
       0
       1
       4
       4
       3
       3
       2
       6
       0
       1
       2
       2
       1
       3
       1
       2
       3
       2
       2
       1
       1
       2
       4
       3
       5
       1
       2
       1
       3
       3
       0
       3
       2
       1
       1
       5
       4
       2
       4
       2
       7
       3
       1
       1
       3
       3
       1
       6
       0
       5
       6
       6
       6
       3
       2
       3
       1
       2
       3
       2
       4
       4
       7
       2
       5
       4
       3
       2
       4
       2
       2
       4
       3
       1
       3
       1
       3
       0
       4
       7
       4
       5
       2
       1
       2
       2
       5
       3
       3
       2
       2
       2
       2
       2
       1
       2
       3
       3
       1
       1
       1
       3
       0
       1
       3
       2
       2
       0
       1
       2
       0
       2
       0
       1
       4
       0
       4
       2
       2
       0
       1
       3
       0
       1
       1
       1
       2
       2
       1
       0
       0
       1
       0
       1
       2
       1
       0
       3
       3
       1
       3
       0
       1
       2
       1
       1
       3
       1
       2
       1
       2
       1
       1
       0
       1
       2
       2
       1
       0
       1
       1
       0
       1
       1
       0
       1
       0
       1
       0
       0
       0
       0
       4
       2
       1
       0
       0
       3
       1
       1
       1
       1
       2
       2
       0
       1
       1
       0
       0
       1
       0
       0
       0
       2
       0
       3
       0
       1
       0
       0
       0
       0
       0
       2
       1
       1
       0
       0
       1
       1
       0
       0
       1
       0
       0
       0
       1
       0
       0
       0
       1
       0
       1
       1
       1
       1
       0
       0
       1
       0
       3
       0
       0
       1
       0
       0
       0
       0
       1
       0
       0
       0
       0
       2
       0
       0
       1
       0
       0
       0
       0
       0
       0
       0
       1
       1
       0
       1
       0
       1
       0
       0
       1
       0
       1
       1
       2
       0
       0
       0
       0
       1
       0
       1
       0
       0
       0
       1
       3
       0
       0
       0
       1
       0
       0
       0
       1
       0
       0
       0
       0
       1
       0
       1
       0
       2
       0
       0
       0
       0
       0
       1
       0
       0
       0
       1
       0
       0
       0
       0
       0
       0
       0
       0
       1
       0
       0
       1
       1
       1
       0
       1
       1
       1
       0
       1
       0
       1
       0
       0
       0
       1
       0
       1
       2
       0
       0
       0
       2
       0
       0
       2
       1
       1
       0
       0
       0
       0
       0
       0
       0
       0
       1
       0
       0
       0
       0
       0
       0
       1
       0
       0
       0
       0
       0
       0
       0
       0
       0
       0
       1
       0
       1
       0
       0
       0
       0
       0
       0
       0
       1
       0
       0
       1
       0
       0
       0
       0
       0
       0
       0
       0
       1
       1
       0
       1
       0
       0
       0
       0
       0
       0
       0
       0
       0
       0
       1
       0
       0
       0
       0
       0
       1
       0
       0
       0
       1
       0
       0
       0
       0
       1
       0
       0
       0
       0
       0
       1
       0
       0
       1
       0
       0
       0
       0
       1
       0
       0
       0
       0
       0
       0
       0
       0
       0
       0
       0
       0
       0
       0
       0
       0
       1
       1
       0
       0
       0
       0
       1
       0
       0
       0
       0
       0
       0
       0
       1
       0
       0
       0
       1
       0
       0
$ROI:
0
$PRESETS:
Live Time
300
0
$ENER_FIT:
0.000000 2.163128
$MCA_CAL:
3
0.000000E+000 2.163128E+000 0.000000E+000 keV
$SHAPE_CAL:
3
3.599727E+001 0.000000E+000 0.000000E+000
