$SPEC_ID:
No sample description was entered.
$SPEC_REM:
DET# 2
DETDESC# SPACESCIENCE8 digiBASE-RH SN 15121449
AP# Maestro Version 7.01
$DATE_MEA:
09/25/2024 14:30:13
$MEAS_TIM:
198 200
$DATA:
0 1023
       0
       0
       0
       0
       0
       0
       0
       0
       0
       0
    1550
    5159
    4429
    3740
    3661
    3621
    4217
    5263
    6468
    8016
    9743
   11841
   14157
   16245
   18262
   19710
   20853
   21178
   20670
   19801
   18115
   16213
   13783
   11837
    9312
    7455
    5662
    4287
    3138
    2277
    1661
    1116
     845
     563
     436
     337
     293
     229
     229
     202
     194
     206
     181
     188
     153
     146
     166
     141
     156
     130
     139
     141
     117
     121
     133
     106
     117
     113
      89
      97
     105
      89
      77
     108
      98
      82
     103
      87
      74
      93
      93
      91
      66
     104
      79
      68
      93
      82
      68
      80
      77
      75
      68
      74
      68
      66
      70
      62
      63
      77
      66
      74
      70
      65
      53
      66
      68
      67
      69
      33
      48
      64
      63
      63
      49
      69
      57
      57
      55
      41
      62
      54
      49
      42
      41
      42
      37
      38
      51
      45
      42
      51
      34
      43
      34
      40
      40
      46
      39
      21
      38
      29
      45
      45
      36
      34
      34
      44
      28
      37
      51
      35
      39
      41
      32
      27
      37
      28
      34
      41
      35
      19
      32
      32
      28
      31
      23
      24
      23
      30
      24
      24
      34
      27
      22
      22
      25
      20
      26
      24
      26
      24
      31
      26
      20
      20
      26
      16
      29
      27
      15
      27
      20
      23
      29
      21
      17
      22
      25
      16
      14
      17
      17
      23
      21
      18
      14
      25
      21
      16
      20
      12
      27
      17
      19
      16
      13
      13
      17
      17
      19
      18
      13
       6
      14
      13
      11
      15
       8
      15
      18
      24
       9
       8
      15
      14
      16
      24
      10
      16
      14
      10
      22
       8
       9
      10
       9
      11
      14
       9
      13
      19
       8
       9
      14
      15
      11
      10
       8
      19
      12
      16
      11
      10
      13
      11
      14
      14
       6
      12
      10
      11
      13
      10
       7
      14
      14
       9
      13
       3
      11
       7
      10
      12
       8
      13
      14
      10
       9
       9
      15
      14
       9
       7
      12
      10
      11
       6
      12
      16
       8
      12
      15
      19
      16
      11
      11
      13
       8
       4
       9
       9
      17
      18
      14
      16
       9
       8
      13
      12
      18
      11
      10
      13
      13
       9
      15
       5
      12
       7
       7
      13
       7
       9
      12
      16
       6
       7
       9
       5
       6
       7
      10
       9
       8
       5
       9
       8
       4
      13
       6
       4
       3
      11
       5
       7
       6
      13
       8
       6
       5
       7
       9
       4
       9
       9
       8
      11
       6
       6
       9
       7
      13
       6
       5
       8
       8
       3
       4
       5
      10
       6
       7
       4
       5
       2
       3
       7
       4
       6
       6
       8
       6
       4
       2
       5
       8
       4
       4
      11
       9
       7
       9
       5
       5
       9
       4
       6
       8
       6
       4
       5
      10
       2
       5
       5
       8
       4
       7
       3
       4
       6
       3
      11
       4
       4
       5
       3
       8
       2
       3
       6
       7
       4
       9
       2
       3
       4
       5
       3
       2
       7
       9
       7
       4
       4
       3
       3
       2
       2
       7
       2
       6
       3
       2
       2
       2
       3
       3
       4
       2
       4
       7
       4
       7
       9
       7
       3
       7
       1
       5
       4
       6
       5
       8
      10
       4
       3
       7
       4
       3
       5
       4
       7
       5
       5
      10
       5
       2
       6
       7
       9
       6
       3
       4
       3
       3
       2
       3
       2
       8
       7
       6
       8
       3
       2
       1
       5
       7
       4
       2
       2
       4
       7
       7
       3
       4
       6
       2
       4
       3
       4
       0
       4
       3
       2
       4
       2
       2
       3
       0
       1
       2
       5
       4
       2
       2
       4
       6
       4
       3
       0
       5
       2
       0
       2
       3
       4
       1
       2
       5
       1
       3
       1
       0
       7
       2
       4
       3
       3
       3
       4
       5
       4
       1
       6
       3
       2
       6
       3
       3
       2
       8
       4
       9
       2
       6
       4
       4
       3
       4
       3
       0
       4
       5
       3
       2
       2
       3
       2
       3
       5
       3
       4
       3
       4
       6
       3
       6
       4
       3
       5
       2
       3
       1
       5
       3
       4
       5
       3
       3
       0
       2
       0
       4
       2
       2
       3
       2
       2
       5
       3
       2
       4
       3
       4
       3
       4
       3
       0
       1
       2
       3
       4
       5
       1
       1
       5
       1
       1
       3
       3
       0
       2
       1
       1
       5
       0
       1
       4
       1
       0
       4
       1
       2
       2
       1
       0
       4
       2
       1
       5
       2
       1
       4
       2
       2
       4
       1
       0
       0
       0
       2
       2
       1
       1
       2
       2
       0
       2
       1
       2
       1
       6
       3
       4
       3
       3
       2
       2
       1
       4
       5
       4
       2
       4
       1
       3
       0
       5
       3
       2
       4
       3
       1
       3
       2
       0
       4
       2
       0
       4
       1
       1
       2
       1
       4
       3
       1
       1
       4
       6
       3
       4
       5
       0
       5
       2
       4
       6
      10
       3
       6
       5
       3
       6
       6
       2
       4
       3
       7
       7
       6
       2
       4
       6
       6
       3
       1
       4
       4
       4
       4
       6
       9
       3
       6
      10
       6
       3
       9
      10
       4
      10
       4
       4
       7
       6
       9
       6
       5
       4
       5
       4
       6
       7
       2
       5
       7
       5
       3
       6
       5
       5
       4
       1
       6
       3
       2
       4
       5
       1
       5
       1
       3
       5
       0
       2
       6
       2
       2
       0
       1
       2
       2
       4
       4
       2
       1
       3
       0
       2
       1
       0
       1
       1
       2
       2
       3
       1
       1
       0
       1
       1
       3
       1
       2
       2
       2
       4
       0
       0
       0
       1
       2
       0
       0
       2
       1
       3
       1
       2
       0
       2
       2
       1
       0
       0
       0
       1
       0
       1
       1
       1
       2
       1
       0
       0
       0
       2
       1
       1
       2
       0
       0
       0
       1
       1
       2
       1
       1
       0
       0
       0
       0
       0
       1
       1
       1
       1
       2
       0
       2
       1
       0
       1
       2
       0
       0
       1
       2
       1
       0
       1
       2
       1
       1
       1
       2
       0
       1
       2
       1
       0
       0
       2
       1
       0
       0
       3
       0
       2
       0
       0
       2
       2
       0
       1
       1
       1
       3
       1
       2
       5
       0
       2
       3
       4
       0
       2
       1
       2
       0
       1
       3
       1
       3
       2
       0
       0
       1
       1
       0
       2
       2
       0
       0
       3
       1
       0
       0
       1
       1
       1
       1
       0
       0
       0
       0
       2
       0
       0
       1
       1
       1
       0
       1
       0
       0
       0
       0
       0
       1
       0
       0
       1
       1
       2
       0
       2
       0
       1
       0
       0
       0
       0
       1
       0
       0
       0
       0
       1
       0
       0
       0
       0
       1
       0
       0
       0
       1
       0
       0
       0
       0
       1
       1
       0
       0
       0
       0
       0
       1
       1
       1
       0
       0
       0
       1
       0
       0
       0
       0
       1
$ROI:
3
6 55
212 320
787 895
$PRESETS:
None
0
0
$ENER_FIT:
0.000000 2.204597
$MCA_CAL:
3
0.000000E+000 2.204597E+000 0.000000E+000 keV
$SHAPE_CAL:
3
1.191474E+001 0.000000E+000 0.000000E+000
