$SPEC_ID:
No sample description was entered.
$SPEC_REM:
DET# 1
DETDESC# SPACESCIENCE4 digiBASE-RH SN 15121435
AP# Maestro Version 7.01
$DATE_MEA:
09/23/2024 15:59:24
$MEAS_TIM:
300 300
$DATA:
0 1023
       0
       0
       0
       0
       0
     266
     920
    1110
    1597
    2530
    3789
    5456
    6949
    8049
    8097
    7342
    5960
    4674
    3714
    3144
    3262
    4002
    4969
    6010
    7401
    8691
    9451
   10052
    9778
    8969
    8027
    6474
    4938
    3771
    2560
    1702
    1163
     713
     533
     371
     304
     262
     275
     243
     254
     231
     230
     197
     254
     222
     217
     213
     223
     225
     204
     246
     197
     205
     198
     196
     182
     199
     184
     193
     190
     182
     170
     166
     166
     169
     160
     133
     138
     166
     146
     126
     142
     155
     129
     132
     127
     124
     136
     139
     117
     106
     110
     102
      84
     112
     102
     110
     115
      88
      98
      84
      99
      84
      84
      81
      80
      96
     100
      90
      77
      85
      77
      81
      78
      53
      54
      58
      63
      67
      65
      66
      70
      59
      56
      77
      56
      75
      50
      48
      52
      39
      57
      51
      47
      53
      36
      54
      44
      40
      58
      45
      26
      39
      38
      44
      31
      37
      20
      36
      30
      33
      36
      31
      29
      33
      28
      34
      26
      43
      24
      41
      39
      25
      33
      32
      33
      28
      34
      35
      29
      32
      20
      28
      36
      20
      22
      27
      24
      21
      18
      27
      17
      15
      24
      20
      23
      17
      18
      17
      13
      24
      14
      26
      17
      18
      13
      20
      10
      10
      13
      22
      17
      12
      13
      18
      24
      18
      15
      12
      14
      20
      18
      14
      15
      10
      12
      18
      23
      19
      11
      21
      14
      17
       9
      14
      12
      13
      10
      20
      13
      11
      17
       9
      18
       9
      16
      15
      13
       4
       8
      12
      14
      14
      11
       6
      15
      14
      16
       9
      15
       7
      17
      11
      13
      13
      10
      11
       8
      11
      12
      14
       7
       6
       6
      10
       7
       8
      13
      13
      11
      10
       9
      11
       9
       9
       4
       8
       5
       6
       9
      17
       6
       6
      16
       9
       6
       9
       7
      11
       9
       8
       5
      11
      10
       9
       7
       7
       8
      10
       6
       6
       8
       9
       4
       6
       5
      10
       6
       8
       7
       7
       4
       8
       6
       4
       4
       8
       6
       4
       9
       4
       8
       8
       8
       9
       6
      11
       6
       3
       4
       4
       5
       6
       7
       6
      10
       8
       6
       7
       3
       9
       2
       6
       2
       4
       4
       7
       5
       3
       4
       4
       4
       4
       5
       3
       3
       5
       3
      10
       6
       3
       4
       6
      11
       5
       6
       7
       9
       5
       2
       8
       5
       4
       6
       7
       2
       5
       2
       4
       8
       4
       5
       3
       2
       4
       6
       4
       3
       5
       3
       8
       6
       7
       5
       5
       3
       3
       3
       4
       3
       6
       3
       7
       6
       4
       5
       1
      11
       1
       8
       4
       6
       1
       1
       5
       6
       2
       4
       3
       3
       3
       4
       4
       3
       6
       5
       5
       3
       6
       4
       3
       6
       4
       5
       4
       4
       3
       2
       5
       4
       3
       3
       3
       4
       3
       2
       5
       3
       5
       2
       3
       2
       3
       5
       2
       7
       6
       3
       7
       7
       7
       5
       5
       7
       4
       4
       2
       1
       3
       2
       5
       1
       5
       0
       3
       2
       2
       4
       3
       6
       3
       6
       7
       4
       2
       2
       1
       3
       3
       2
       4
       2
       3
       2
       5
       3
       2
       5
       3
       5
       0
       4
       2
       2
       4
       1
       2
       2
       3
       1
       3
       0
       1
       2
       2
       6
       3
       4
       2
       3
       2
       2
       2
       1
       2
       3
       1
       2
       5
       4
       2
       1
       2
       1
       2
       2
       3
       2
       3
       1
       4
       0
       3
       0
       1
       2
       3
       2
       6
       1
       2
       6
       2
       5
       1
       2
       1
       3
       1
       1
       3
       2
       4
       3
       1
       4
       0
       4
       2
       2
       2
       3
       2
       3
       3
       1
       2
       5
       1
       2
       2
       1
       2
       3
       2
       2
       5
       3
       3
       3
       3
       3
       0
       3
       5
       4
       1
       1
       3
       1
       1
       3
       6
       5
       2
       4
       6
       5
       1
       4
       3
       4
       3
       2
       2
       4
       4
       3
       7
       3
       0
       1
       3
       5
       5
       4
       6
       6
       1
       2
       2
       3
       4
       2
       3
       2
       1
       4
       3
       1
       3
       2
       3
       2
       4
       3
       3
       3
       3
       0
       2
       3
       1
       1
       0
       3
       5
       0
       1
       0
       2
       1
       3
       0
       0
       1
       1
       0
       1
       1
       2
       1
       2
       2
       0
       0
       0
       1
       0
       1
       2
       0
       0
       0
       2
       0
       0
       2
       0
       1
       1
       0
       0
       3
       0
       2
       0
       0
       1
       1
       1
       0
       1
       2
       0
       2
       1
       2
       3
       0
       1
       2
       2
       0
       4
       2
       3
       0
       1
       0
       1
       1
       2
       2
       1
       1
       0
       3
       0
       0
       1
       0
       0
       0
       1
       1
       1
       2
       0
       2
       0
       1
       1
       1
       0
       0
       2
       1
       1
       1
       1
       1
       0
       0
       1
       0
       1
       1
       1
       0
       0
       0
       1
       1
       1
       0
       0
       1
       2
       1
       1
       1
       0
       2
       2
       1
       1
       0
       0
       1
       1
       0
       1
       0
       1
       1
       0
       0
       0
       2
       2
       1
       1
       2
       0
       1
       1
       0
       1
       0
       0
       0
       0
       1
       1
       0
       1
       1
       0
       0
       1
       0
       1
       2
       2
       0
       1
       0
       0
       0
       1
       1
       0
       0
       1
       0
       0
       0
       0
       0
       1
       1
       1
       0
       0
       0
       0
       0
       0
       0
       0
       0
       2
       0
       0
       1
       1
       0
       0
       0
       0
       0
       1
       0
       0
       1
       0
       0
       0
       0
       0
       0
       0
       2
       0
       0
       1
       0
       0
       0
       0
       0
       1
       1
       2
       1
       1
       2
       0
       2
       0
       1
       1
       0
       0
       1
       0
       0
       0
       0
       0
       0
       1
       0
       0
       1
       1
       1
       1
       0
       0
       0
       1
       0
       0
       1
       1
       1
       1
       0
       0
       1
       1
       0
       1
       0
       0
       0
       0
       0
       0
       0
       1
       0
       0
       0
       0
       0
       0
       0
       0
       0
       1
       0
       0
       0
       1
       0
       0
       0
       1
       2
       0
       0
       0
       0
       0
       1
       0
       0
       0
       0
       0
       0
       1
       1
       0
       0
       1
       2
       0
       0
       0
       0
       1
       0
       0
       1
       0
       0
       0
       1
       0
       0
       0
       0
       0
       1
       0
       0
       0
       0
       1
       1
       1
       0
       0
       1
       0
       0
       0
       0
       1
       1
       0
       1
       1
       0
       0
       0
       0
       0
       0
       0
       0
       0
       0
       1
       0
       0
       0
       0
       0
       0
       0
       0
       0
       1
       0
       0
       0
       0
       0
       1
       0
       0
       0
       1
       1
$ROI:
0
$PRESETS:
Live Time
300
0
$ENER_FIT:
0.000000 2.163128
$MCA_CAL:
3
0.000000E+000 2.163128E+000 0.000000E+000 keV
$SHAPE_CAL:
3
3.599727E+001 0.000000E+000 0.000000E+000
