$SPEC_ID:
No sample description was entered.
$SPEC_REM:
DET# 1
DETDESC# SPACESCIENCE4 digiBASE-RH SN 15121435
AP# Maestro Version 7.01
$DATE_MEA:
09/23/2024 16:12:21
$MEAS_TIM:
300 300
$DATA:
0 1023
       0
       0
       0
       0
       0
     324
    1092
    1341
    2003
    3097
    4511
    6207
    7569
    8340
    8239
    7250
    5940
    4688
    3855
    3467
    3912
    4761
    5954
    7561
    8854
   10258
   10676
   11024
   10244
    9216
    7792
    6291
    4696
    3327
    2251
    1494
     968
     675
     468
     369
     287
     302
     258
     246
     263
     267
     262
     228
     272
     256
     203
     244
     214
     228
     217
     221
     218
     201
     199
     164
     199
     188
     186
     155
     167
     136
     163
     174
     161
     166
     152
     150
     165
     159
     145
     129
     133
     129
     136
     124
     113
     109
     127
     109
     130
     106
     128
     103
     103
     109
      90
      94
      93
      90
      86
     108
      98
      93
      82
      77
      89
      89
      81
      91
      78
      93
      89
      73
      64
      78
      61
      81
      83
      53
      55
      63
      50
      61
      53
      61
      59
      49
      62
      46
      51
      64
      45
      51
      51
      47
      47
      44
      55
      48
      51
      45
      40
      57
      54
      43
      32
      38
      30
      38
      36
      38
      39
      28
      21
      42
      33
      38
      25
      29
      29
      32
      34
      36
      41
      34
      40
      26
      44
      24
      19
      22
      23
      27
      24
      22
      26
      28
      14
      21
      20
      18
      18
      21
      21
      27
      22
      21
      15
      12
      15
      17
      18
      16
      23
      18
      19
      20
      15
      14
       8
      19
      17
      17
      16
      12
      17
      23
      10
      14
      18
      15
      10
      13
      12
      16
      11
      14
      17
      12
      14
      18
       9
      14
      11
      19
      11
       8
      13
      12
      14
      14
      12
      15
      10
      12
      10
      10
      10
      12
      10
      15
       9
      14
      10
      19
       4
       6
      10
      17
      13
      11
      17
      11
      11
      13
      17
      11
      16
       7
      12
      13
      12
      14
      11
      10
       8
       7
      10
       7
      11
      12
      13
      16
      10
      11
       9
       6
       5
      13
      10
       9
       9
       6
      11
       9
       7
       9
      11
       4
      13
       3
       4
       2
       7
       8
       7
       3
      12
       7
       6
       7
      10
       4
       8
       4
       6
       5
       5
       9
       8
       7
       6
       3
       9
       3
       3
       4
       5
      11
       7
       5
      10
      14
       8
       8
       2
       4
       5
       4
       3
      10
       8
       6
       5
       6
       5
       5
       8
       5
       4
      10
       7
       1
       7
       5
       2
       6
       3
       5
       2
       7
       8
       6
       4
       7
       3
       2
       5
       1
       6
       5
      12
       4
       4
       3
       7
       7
       5
       4
       5
       5
       6
       6
       5
       4
       1
       5
       5
       3
       0
       5
       3
      10
       4
       5
       1
       2
       7
       3
       6
       4
       4
       5
       2
       5
       6
       4
       3
       5
       5
       5
       5
       5
       3
       3
       3
       4
       4
       5
       1
       3
       0
       3
       3
       5
       4
       3
       7
       5
       4
       3
       3
       2
       4
       3
       3
       4
       4
       3
       3
       4
       6
       4
       4
       6
       1
       6
       6
       0
       3
       2
       4
       3
       2
       4
       5
       3
       3
       4
       3
       7
       2
       8
       4
       2
       1
       8
       2
       5
       4
       8
       4
       2
       4
       4
       4
       2
       0
       3
       7
       6
       1
       0
       6
       3
       3
       4
       2
       2
       4
       1
       7
       2
       6
       5
       1
       2
       6
       2
       6
       4
       4
       2
       3
       1
       4
       3
       1
       0
       2
       3
       2
       8
       3
       2
       3
       0
       1
       7
       0
       2
       4
       4
       2
       4
       4
       3
       2
       1
       5
       3
       1
       2
       2
       3
       3
       3
       2
       3
       2
       0
       4
       3
       2
       1
       1
       2
       2
       1
       2
       3
       0
       0
       2
       2
       2
       2
       2
       1
       2
       0
       3
       0
       1
       1
       3
       4
       1
       6
       0
       2
       3
       2
       2
       3
       2
       1
       5
       1
       0
       1
       0
       3
       2
       2
       0
       4
       5
       4
       2
       3
       3
       3
       5
       1
       0
       0
       2
       3
       1
       2
       1
       2
       3
       1
       1
       4
       2
       2
       3
       3
       1
       5
       2
       2
       1
       2
       1
       4
       1
       3
       3
       4
       0
       2
       3
       3
       9
       3
       2
       3
       2
       5
       3
       3
       2
       1
       1
       1
       2
       2
       7
       2
       2
       0
       3
       2
       0
       1
       1
       0
       0
       3
       4
       2
       4
       0
       1
       3
       1
       2
       2
       1
       0
       3
       1
       1
       3
       4
       0
       2
       1
       0
       1
       2
       0
       2
       3
       0
       1
       2
       1
       2
       1
       1
       0
       0
       1
       1
       0
       0
       0
       2
       0
       1
       1
       2
       1
       3
       1
       1
       1
       0
       1
       0
       0
       0
       1
       3
       0
       3
       1
       0
       1
       0
       0
       1
       1
       0
       1
       2
       1
       2
       3
       1
       0
       2
       0
       1
       1
       1
       1
       1
       2
       0
       5
       2
       2
       0
       0
       1
       0
       0
       2
       1
       0
       1
       1
       0
       0
       0
       2
       0
       1
       0
       2
       1
       2
       1
       0
       1
       1
       0
       3
       1
       2
       1
       0
       0
       1
       0
       0
       1
       4
       1
       0
       0
       0
       0
       2
       1
       1
       0
       1
       0
       1
       1
       1
       1
       0
       0
       0
       1
       0
       0
       0
       0
       0
       0
       0
       0
       1
       0
       0
       1
       0
       0
       0
       0
       1
       2
       1
       1
       0
       4
       0
       0
       0
       1
       0
       0
       0
       0
       1
       0
       1
       0
       0
       0
       0
       1
       1
       0
       0
       2
       1
       0
       0
       1
       2
       0
       0
       0
       1
       0
       1
       0
       0
       0
       0
       1
       0
       0
       0
       0
       0
       1
       0
       0
       1
       0
       1
       0
       0
       0
       0
       0
       0
       0
       3
       0
       0
       1
       1
       1
       1
       0
       1
       1
       0
       0
       1
       1
       0
       0
       1
       2
       1
       1
       0
       2
       0
       0
       1
       1
       0
       0
       0
       1
       1
       1
       1
       0
       0
       0
       1
       1
       0
       1
       0
       0
       1
       0
       0
       0
       1
       0
       1
       0
       0
       1
       0
       0
       2
       1
       0
       0
       0
       0
       0
       1
       0
       0
       1
       1
       0
       0
       0
       0
       1
       2
       1
       0
       0
       0
       0
       0
       0
       0
       1
       0
       0
       0
       0
       1
       0
       1
       1
       0
       1
       0
       1
       0
       1
       0
       0
       0
       0
       0
       0
       0
       0
       0
       0
       0
       1
       0
       0
       0
       1
       0
       0
       0
       0
       0
       0
       0
       0
       1
       1
       1
       0
       1
       0
       0
       0
       0
       0
       0
       1
       0
       0
       0
       0
       0
       0
       0
       0
       0
       0
       0
       0
       0
       0
       0
       0
       0
       0
       0
       0
       1
       1
       1
       1
       0
       1
       0
       0
       1
       0
       0
       1
       0
       0
       0
       0
       1
       0
       0
$ROI:
0
$PRESETS:
Live Time
300
0
$ENER_FIT:
0.000000 2.163128
$MCA_CAL:
3
0.000000E+000 2.163128E+000 0.000000E+000 keV
$SHAPE_CAL:
3
3.599727E+001 0.000000E+000 0.000000E+000
