$SPEC_ID:
No sample description was entered.
$SPEC_REM:
DET# 2
DETDESC# SPACESCIENCE8 digiBASE-RH SN 15121449
AP# Maestro Version 7.01
$DATE_MEA:
09/25/2024 14:39:13
$MEAS_TIM:
198 200
$DATA:
0 1023
       0
       0
       0
       0
       0
       0
       0
       0
       0
       0
    1419
    5034
    4566
    4296
    4228
    4659
    5597
    6937
    9008
   11161
   14170
   16972
   20262
   23529
   26001
   28309
   29119
   29791
   28967
   27209
   24584
   21651
   18565
   15501
   12388
    9688
    7404
    5465
    3828
    2739
    1934
    1359
     930
     696
     508
     458
     353
     301
     254
     268
     215
     227
     199
     211
     216
     178
     179
     186
     167
     169
     136
     139
     147
     131
     140
     137
     104
     106
     119
     102
     120
     104
      86
     102
     102
      95
     103
     113
      84
      94
      72
     104
      77
      72
      98
      81
      83
      70
      89
      90
      84
      91
      72
      55
      87
      80
      72
      84
      68
      72
      69
      67
      57
      76
      70
      61
      59
      68
      54
      70
      63
      57
      79
      50
      56
      46
      54
      61
      42
      63
      56
      40
      42
      59
      55
      51
      43
      57
      44
      46
      41
      44
      53
      34
      44
      40
      44
      43
      41
      39
      38
      52
      35
      40
      39
      21
      47
      33
      18
      43
      27
      28
      40
      40
      43
      39
      28
      36
      21
      37
      29
      35
      29
      33
      25
      45
      30
      36
      29
      29
      23
      28
      38
      19
      28
      28
      31
      33
      26
      22
      29
      20
      20
      23
      37
      16
      28
      22
      14
      29
      24
      22
      24
      32
      19
      13
      23
      12
      12
      23
      23
      22
      19
      23
      13
      19
      15
      20
      19
      16
      16
      16
      20
      19
      17
      16
      12
      12
      22
      21
      16
      12
      17
      14
      20
      26
      14
      13
      17
      15
      14
      17
      18
      18
      16
      21
      18
      11
      15
      17
      15
      11
      21
      13
      18
      15
       8
      12
       9
      19
      18
      13
      10
      15
      14
      15
       9
      14
      16
      20
      18
      12
      13
      14
      13
       9
      14
      14
      14
      14
      13
      16
      11
       7
      20
      12
      10
      12
      11
      12
      20
      11
       7
      16
      11
      14
      17
      10
      10
      13
       9
      15
      13
      15
       9
      11
      15
      13
      11
      14
       8
      10
      20
      15
      26
      17
      11
      18
      18
       8
      11
      18
      15
      15
      19
       8
      18
      17
      19
      11
      19
      14
      15
      16
      15
      16
       9
      12
      21
      15
      23
      12
      11
      15
      16
      19
       8
      13
      12
      11
      17
       9
      13
      11
       6
       7
      10
      11
      18
      12
      11
       7
      14
       4
       9
       8
       8
      16
      15
       8
      13
       6
       7
      10
      10
       6
      10
       6
      14
       7
       5
      10
       3
       1
       7
       6
      11
       9
      10
       3
       7
       3
       7
       6
      11
      11
       7
       7
       4
       7
       6
       4
       5
       3
       4
       8
       7
       5
       2
       4
       5
       4
       7
       1
       2
       4
       7
       6
       6
       3
       4
       8
       6
       2
       5
       7
       4
       6
       4
       7
       3
       4
       3
       1
       5
       2
       4
       5
       3
       4
       7
       6
       5
       4
       5
       3
       2
       5
       2
       3
       1
       4
       2
       5
       6
       8
       6
       5
       4
       1
       3
       2
       3
       2
       4
       7
       9
       6
       5
       3
       3
       6
       5
       1
       3
       8
       2
       6
       5
       4
       4
       4
       8
       5
       5
       6
       7
       6
       4
       5
       7
       0
       2
       2
       8
       7
       5
      10
       7
       5
       4
       5
       1
       4
       4
       4
       5
       4
       6
       4
       7
       6
       5
       6
       3
       8
       2
       3
       4
       4
       2
       4
      10
       4
       7
       5
       3
       5
       3
       7
       5
       3
       2
       1
       4
       7
       2
       3
       2
       6
       4
       2
       5
       2
       6
       4
       1
       4
       2
       0
       6
       1
       1
       3
       2
       3
       6
       1
       3
       6
       0
       4
       2
       1
       1
       2
       2
       2
       5
       2
       2
       5
       6
       4
       8
       3
       1
       2
       3
       3
       1
       3
       1
       3
       4
       4
       3
       3
       2
       5
       9
       2
       5
       4
       2
       6
       4
       2
       1
       5
       1
       5
       5
       2
       3
       4
       2
       3
       2
       1
       2
       4
       2
       0
       4
       3
       4
       1
       5
       4
       2
       2
       1
       0
       6
       3
       4
       4
       2
       4
       4
       2
       2
       3
       3
       2
       4
       5
       2
       3
       2
       0
       0
       3
       6
       1
       2
       2
       2
       3
       5
       3
       0
       3
       4
       4
       1
       5
       0
       2
       1
       1
       3
       2
       1
       0
       1
       2
       2
       0
       1
       0
       1
       2
       1
       1
       4
       4
       2
       4
       1
       1
       0
       2
       2
       2
       1
       3
       1
       1
       1
       0
       0
       2
       5
       0
       0
       2
       5
       2
       2
       3
       1
       1
       1
       1
       0
       3
       2
       2
       2
       3
       6
       0
       1
       2
       4
       6
       3
       0
       2
       3
       4
       3
       4
       3
       1
       3
       4
       2
       4
       3
       3
       3
       4
       3
       1
       2
       4
       6
       3
       8
       3
       9
       6
       6
       5
       4
       9
       6
       6
       3
       3
       5
       1
       5
       6
       8
       4
       7
       9
       3
       6
       5
      11
       6
       6
       8
       4
      10
       3
       8
       6
       2
       8
       5
       8
       5
       5
       7
       4
       6
       2
       7
       5
       6
       3
       7
       2
       5
       8
       3
       6
       5
       5
       4
       5
       8
       4
       4
       5
       3
       7
       2
       1
       7
       1
       3
       0
       3
       3
       2
       0
       0
       0
       1
       2
       2
       2
       2
       4
       1
       3
       1
       4
       2
       2
       0
       1
       1
       2
       1
       1
       2
       1
       0
       2
       2
       1
       0
       2
       1
       1
       2
       2
       0
       3
       1
       0
       0
       2
       2
       0
       1
       2
       1
       0
       2
       2
       0
       0
       1
       0
       2
       0
       1
       1
       2
       0
       2
       1
       0
       1
       1
       0
       2
       1
       1
       0
       0
       1
       2
       0
       1
       1
       0
       1
       2
       0
       0
       0
       2
       2
       1
       2
       1
       3
       0
       1
       1
       0
       3
       1
       2
       4
       1
       1
       1
       1
       1
       2
       1
       2
       2
       1
       3
       0
       0
       0
       2
       0
       1
       1
       2
       0
       1
       1
       1
       1
       4
       1
       1
       2
       0
       2
       1
       0
       1
       1
       1
       1
       1
       0
       1
       2
       0
       1
       3
       1
       1
       0
       0
       1
       1
       0
       0
       0
       0
       1
       1
       3
       1
       0
       0
       2
       0
       0
       0
       2
       0
       0
       0
       3
       1
       0
       1
       0
       0
       1
       0
       2
       1
       2
       2
       1
       0
       0
       1
       0
       1
       0
       2
       0
       2
       1
       1
       1
       2
       1
       1
       0
       0
       1
       1
       0
       0
       0
       1
       0
       1
       0
       0
       1
       0
       0
       0
       0
       0
       0
       0
       0
       0
       0
       0
       1
       1
       1
       0
       0
       0
       0
       0
       0
       0
$ROI:
3
6 55
212 320
787 895
$PRESETS:
None
0
0
$ENER_FIT:
0.000000 2.204597
$MCA_CAL:
3
0.000000E+000 2.204597E+000 0.000000E+000 keV
$SHAPE_CAL:
3
1.191474E+001 0.000000E+000 0.000000E+000
