$SPEC_ID:
No sample description was entered.
$SPEC_REM:
DET# 1
DETDESC# SPACESCIENCE4 digiBASE-RH SN 15121435
AP# Maestro Version 7.01
$DATE_MEA:
09/23/2024 15:53:56
$MEAS_TIM:
300 300
$DATA:
0 1023
       0
       0
       0
       0
       0
     241
     924
    1070
    1503
    2129
    3220
    4509
    5773
    6589
    6900
    6368
    5347
    4208
    3253
    2632
    2585
    2827
    3614
    4587
    5946
    7244
    8558
    9332
    9860
    9767
    8877
    7561
    6030
    4572
    3363
    2287
    1515
     982
     630
     453
     350
     280
     271
     251
     258
     271
     265
     222
     219
     252
     204
     241
     207
     215
     259
     193
     210
     205
     186
     190
     192
     192
     194
     197
     194
     185
     153
     196
     164
     173
     171
     159
     159
     128
     147
     133
     124
     138
     104
     120
     124
     122
     117
     103
     121
     121
     102
     108
     106
      95
     112
      98
      96
     114
      91
      93
      84
      96
      99
      81
      77
      77
      63
      78
      74
      81
      77
      66
      86
      85
      81
      68
      72
      80
      66
      61
      50
      62
      47
      54
      54
      53
      59
      46
      52
      56
      53
      42
      54
      38
      59
      36
      52
      58
      41
      44
      48
      31
      34
      32
      41
      51
      39
      42
      33
      37
      27
      35
      37
      37
      29
      41
      39
      28
      19
      45
      30
      29
      31
      20
      27
      25
      25
      27
      33
      28
      22
      27
      19
      16
      13
      23
      16
      25
      24
      20
      21
      23
      25
      15
      21
      23
      31
      22
      18
      14
      26
      16
      19
      17
      13
      17
      16
      16
      15
      15
      18
      22
      16
      19
      14
      19
      16
      14
      18
       8
      17
      16
      10
      12
       9
      13
      16
      10
      19
      15
      12
      14
      16
      14
      15
      12
       6
      12
      11
      13
      12
       8
      18
      12
      17
      15
       6
      11
      11
      17
      11
      18
      13
       7
      11
      10
       9
       7
      18
      15
      13
      11
      12
      12
      14
      10
      13
      17
       9
      10
      10
      12
      18
      17
      14
       6
      16
      12
      14
       8
      14
      19
      10
      10
       9
      10
      12
       8
       9
       8
       6
      16
       8
       9
      15
      10
      13
       9
       8
      12
       8
      11
      11
      12
       8
       5
       8
       8
       7
       6
       8
       9
       0
       7
       3
       8
      11
      10
       8
       1
       7
      10
       1
       6
       4
       4
       9
       3
       5
      10
       8
       9
       7
       4
       7
      11
       9
       4
       5
       7
      13
       6
       5
       8
       1
       9
       2
       5
       7
       9
       3
       4
       4
       8
       6
       3
       3
       1
       6
       5
       6
       5
       4
       3
       1
       7
       6
       4
       6
       6
       5
       1
       5
       1
       7
       4
      12
       2
       5
       8
       3
       2
       5
       6
       3
       6
       6
       4
       2
       3
       1
       8
       8
       6
       5
       3
       5
       1
       9
       1
       4
       6
       2
       5
       3
       8
       3
       5
       5
       5
       3
       6
       5
       2
       5
       5
       7
       3
       8
       2
       4
       0
       5
       5
       5
       6
       3
       5
       4
       7
       4
       3
       3
       5
       3
       7
       5
       3
       7
       4
       6
       4
       5
       5
       2
       4
       2
       3
       6
       4
       3
       3
       2
       5
       3
       6
       2
       7
       4
       5
       7
       3
       2
       3
       3
       3
       9
       1
       2
       6
       5
       2
       6
       2
       4
       6
       4
       2
       1
       4
       1
       3
       8
       3
       7
       2
       4
       3
       2
       3
       2
       2
       1
       3
       3
       2
       2
       2
       2
       2
       3
       3
       3
       5
       6
       4
       2
       3
       2
       2
       3
       4
       2
       2
       2
       4
       3
       2
       4
       0
       2
       1
       4
       0
       4
       2
       1
       5
       7
       3
       1
       2
       5
       3
       3
       2
       1
       4
       5
       3
       0
       1
       1
       1
       3
       3
       4
       2
       1
       4
       2
       1
       3
       2
       5
       2
       4
       2
       1
       2
       4
       2
       0
       0
       2
       5
       1
       2
       0
       2
       3
       4
       2
       0
       2
       3
       3
       1
       2
       3
       3
       2
       4
       4
       2
       4
       8
       7
       1
       3
       4
       3
       1
       3
       2
       3
       2
       3
       2
       1
       5
       2
       2
       2
       2
       2
       1
       2
       4
       1
       0
       5
       3
       4
       1
       3
       2
       0
       1
       3
       1
       1
       1
       2
       4
       3
       2
       0
       2
       2
       5
       0
       2
       4
       1
       3
       2
       3
       1
       2
       3
       2
       3
       0
       2
       1
       4
       2
       0
       2
       1
       1
       1
       0
       4
       1
       0
       1
       1
       3
       1
       3
       1
       2
       4
       1
       5
       1
       1
       0
       0
       0
       0
       1
       1
       1
       2
       1
       3
       0
       2
       0
       1
       3
       4
       1
       0
       2
       1
       0
       0
       1
       1
       0
       3
       2
       2
       1
       1
       0
       0
       1
       0
       0
       0
       2
       1
       1
       1
       0
       1
       0
       2
       2
       2
       0
       3
       3
       1
       1
       2
       0
       0
       2
       2
       2
       1
       1
       1
       2
       2
       0
       2
       1
       2
       0
       1
       0
       2
       0
       1
       3
       0
       1
       0
       0
       0
       1
       0
       2
       0
       1
       3
       2
       2
       1
       0
       0
       2
       0
       1
       3
       1
       1
       1
       1
       2
       1
       1
       1
       0
       0
       2
       2
       2
       0
       1
       1
       0
       1
       0
       1
       0
       1
       1
       1
       1
       0
       0
       0
       2
       0
       1
       0
       0
       0
       2
       0
       0
       0
       0
       0
       0
       0
       0
       0
       0
       1
       0
       0
       0
       0
       0
       0
       3
       0
       1
       0
       1
       1
       1
       0
       0
       0
       0
       0
       0
       0
       0
       2
       0
       0
       1
       0
       0
       0
       0
       0
       0
       0
       0
       1
       0
       0
       0
       0
       0
       2
       0
       0
       2
       0
       0
       1
       0
       0
       1
       1
       0
       0
       0
       0
       0
       1
       0
       1
       0
       0
       1
       1
       0
       1
       0
       0
       0
       0
       0
       0
       0
       0
       0
       0
       0
       0
       1
       0
       0
       1
       0
       0
       0
       0
       2
       0
       0
       0
       1
       0
       0
       0
       0
       0
       2
       1
       0
       0
       1
       0
       0
       0
       0
       1
       0
       1
       0
       2
       0
       1
       0
       0
       0
       1
       0
       0
       0
       0
       1
       0
       0
       0
       0
       0
       0
       0
       0
       0
       0
       0
       1
       1
       0
       0
       1
       0
       0
       0
       1
       1
       0
       0
       2
       0
       1
       0
       0
       1
       0
       1
       0
       0
       1
       0
       1
       0
       0
       1
       1
       1
       0
       0
       1
       0
       0
       0
       0
       0
       0
       0
       0
       1
       0
       0
       1
       0
       0
       0
       1
       0
       0
       0
       0
       0
       0
       1
       2
       0
       0
       0
       0
       1
       1
       0
       0
       0
       0
       0
       0
       0
       0
       1
       0
       0
       0
       1
       0
       0
       0
       1
       0
       0
       0
       0
       0
       0
       0
       0
       0
       0
       0
       0
       0
       1
       0
       0
       0
       0
       0
       0
$ROI:
0
$PRESETS:
Live Time
300
0
$ENER_FIT:
0.000000 2.163128
$MCA_CAL:
3
0.000000E+000 2.163128E+000 0.000000E+000 keV
$SHAPE_CAL:
3
3.599727E+001 0.000000E+000 0.000000E+000
