$SPEC_ID:
No sample description was entered.
$SPEC_REM:
DET# 1
DETDESC# SPACESCIENCE4 digiBASE-RH SN 15121435
AP# Maestro Version 7.01
$DATE_MEA:
09/23/2024 14:20:11
$MEAS_TIM:
300 300
$DATA:
0 1023
       0
       0
       0
       0
       0
     266
     961
    1250
    1614
    2281
    2961
    4039
    5136
    5866
    6228
    5765
    4868
    3920
    3131
    2528
    2344
    2593
    3340
    4297
    5620
    7278
    8562
   10062
   10642
   10847
   10234
    8893
    7459
    5878
    4213
    3009
    1862
    1251
     789
     534
     380
     306
     277
     246
     247
     258
     208
     233
     243
     257
     242
     231
     215
     237
     207
     198
     191
     195
     197
     203
     165
     176
     184
     168
     146
     170
     169
     145
     178
     144
     157
     139
     144
     138
     127
     125
     125
     116
     112
     132
     102
     112
     139
     123
      96
      97
     100
     101
     115
     102
      82
      91
     103
      89
      80
      68
      95
      78
      85
      84
      86
      69
      90
      84
      77
      83
      59
      78
      71
      67
      67
      64
      65
      60
      73
      68
      64
      63
      67
      46
      65
      55
      44
      53
      46
      49
      51
      44
      48
      47
      48
      40
      46
      42
      35
      34
      39
      40
      37
      32
      41
      36
      33
      27
      35
      43
      38
      28
      43
      31
      30
      45
      27
      30
      26
      28
      24
      27
      42
      28
      20
      34
      30
      17
      32
      29
      31
      22
      32
      18
      23
      23
      35
      17
      22
      11
      16
      21
      17
      25
      22
      17
      24
      27
      18
      16
      22
      22
      20
      19
      29
      17
      16
      15
      19
      28
      11
       8
      16
      15
      12
      25
      18
      11
      21
      17
      15
      14
      14
      10
      11
      11
       9
      11
      21
       8
      13
      19
      15
      13
      11
      19
      16
       6
      13
      14
      15
      12
      14
      11
      16
      15
      10
      11
       6
       6
       9
       8
      10
      12
      18
      16
      12
      10
      11
       7
      10
      14
       5
      10
       8
      11
       9
      11
       6
      17
      11
      16
       8
       7
      12
       6
       8
       9
      12
      12
      11
       6
      11
       9
       9
       9
       5
       6
       5
       8
      14
       9
      13
      12
       4
       5
       7
      11
      10
       7
       6
       7
       7
      10
       9
       3
       9
      10
       6
       5
       4
      10
       9
       9
       9
       6
       8
      10
       4
       2
       4
       6
       6
       9
       6
       7
       5
       5
       5
       9
       4
       4
       6
       7
       8
       6
       5
       7
       2
       7
       5
       6
       6
       4
       7
       3
       8
       5
       3
       4
       8
       1
       4
       9
       3
       4
       7
       8
       7
       5
       5
       5
       3
       7
       3
       3
       3
       8
       7
       5
       4
       4
       5
       4
       0
       4
       4
       5
       1
       4
       4
       4
       4
       3
       6
       4
       1
       3
       5
       3
       6
       6
       2
       4
       1
       2
      10
       6
       3
      10
       3
       2
       5
       3
       5
       8
       3
       6
       3
       2
       3
       4
       3
       6
       3
       7
       9
       3
       7
       3
       3
       4
       5
       6
       5
       3
       1
       3
       4
       6
       6
       4
       3
       1
       6
       3
       1
       1
       6
       4
       4
       7
       2
       4
       8
       6
       3
       3
       4
       0
       7
       0
       4
       3
       4
       4
       4
       6
       2
       2
       5
       3
       3
       5
       3
       1
       2
       3
       7
       4
       5
       3
       5
       2
       5
       4
       1
       2
       5
       6
       3
       1
       1
       2
       5
       4
       2
       4
       2
       3
       2
       5
       3
       9
       4
       7
       3
       2
       2
       1
       2
       3
       2
       2
       2
       2
       1
       8
       2
       1
       0
       5
       3
       1
       2
       2
       1
       1
       3
       2
       3
       2
       2
       6
       4
       2
       2
       3
       3
       4
       4
       5
       3
       4
       5
       3
       1
       3
       5
       1
       2
       4
       1
       1
       2
       0
       0
       5
       1
       1
       2
       2
       1
       3
       1
       1
       1
       1
       3
       5
       3
       2
       1
       0
       1
       3
       0
       1
       2
       0
       7
       2
       1
       3
       1
       4
       0
       4
       2
       1
       1
       5
       3
       1
       1
       5
       1
       1
       1
       1
       1
       3
       5
       2
       3
       2
       1
       1
       3
       2
       1
       2
       5
       4
       3
       1
       3
       2
       3
       2
       0
       3
       3
       6
       3
       1
       2
       6
       1
       1
       2
       3
       3
       2
       2
       5
       2
       2
       2
       1
       2
       2
       5
       1
       2
       2
       1
       3
       3
       3
       1
       3
       2
       1
       4
       1
       3
       3
       4
       1
       9
       4
       2
       1
       3
       2
       1
       2
       0
       1
       3
       4
       1
       2
       3
       1
       1
       2
       1
       1
       1
       0
       3
       2
       0
       0
       4
       4
       0
       0
       0
       3
       0
       3
       0
       0
       1
       1
       1
       1
       2
       0
       3
       1
       1
       1
       2
       1
       1
       0
       1
       5
       1
       0
       1
       0
       0
       0
       0
       0
       2
       0
       0
       2
       1
       1
       0
       1
       0
       1
       3
       0
       1
       2
       1
       1
       2
       3
       1
       0
       1
       2
       0
       0
       0
       0
       0
       4
       0
       1
       0
       0
       0
       2
       2
       1
       0
       0
       0
       1
       2
       0
       1
       3
       0
       0
       2
       0
       2
       0
       0
       0
       0
       0
       0
       1
       1
       0
       3
       1
       1
       1
       2
       1
       0
       1
       0
       0
       0
       1
       1
       0
       1
       0
       1
       2
       0
       0
       1
       1
       0
       0
       1
       3
       2
       0
       0
       0
       0
       2
       0
       0
       1
       0
       1
       0
       0
       1
       0
       3
       1
       0
       0
       0
       0
       0
       1
       1
       1
       1
       0
       1
       1
       1
       0
       1
       2
       0
       1
       0
       2
       0
       0
       0
       0
       0
       0
       2
       0
       0
       0
       0
       1
       0
       1
       0
       0
       0
       1
       0
       1
       1
       0
       0
       0
       0
       0
       0
       0
       0
       1
       0
       1
       1
       0
       0
       2
       0
       0
       1
       0
       0
       1
       0
       0
       0
       1
       0
       0
       0
       0
       1
       0
       0
       0
       0
       0
       0
       0
       0
       0
       0
       0
       0
       0
       0
       0
       0
       0
       0
       0
       0
       2
       0
       0
       0
       0
       1
       0
       0
       1
       1
       0
       0
       0
       0
       0
       0
       0
       0
       0
       1
       0
       0
       0
       0
       0
       2
       1
       0
       0
       1
       3
       1
       0
       1
       0
       0
       0
       0
       1
       0
       0
       1
       0
       0
       0
       0
       1
       0
       1
       0
       0
       0
       0
       0
       0
       0
       0
       0
       1
       0
       0
       0
       0
       0
       1
       0
       0
       0
       0
       2
       0
       0
       0
       0
       1
       0
       0
       2
       0
       0
       0
       0
       1
       1
       0
       1
       1
       0
       0
       0
       0
       1
       0
       1
       0
       1
       1
       0
       0
       0
       0
       0
       0
       0
       0
       0
       0
       0
       0
       2
       0
       0
       0
       0
       0
       0
       0
       0
       0
       0
       0
       1
       1
       1
       1
       0
       1
       0
       0
       0
       0
       1
       0
       0
       0
       0
$ROI:
0
$PRESETS:
Live Time
300
0
$ENER_FIT:
0.000000 2.163128
$MCA_CAL:
3
0.000000E+000 2.163128E+000 0.000000E+000 keV
$SHAPE_CAL:
3
3.599727E+001 0.000000E+000 0.000000E+000
