$SPEC_ID:
No sample description was entered.
$SPEC_REM:
DET# 1
DETDESC# SPACESCIENCE4 digiBASE-RH SN 15121435
AP# Maestro Version 7.01
$DATE_MEA:
09/23/2024 16:05:01
$MEAS_TIM:
300 300
$DATA:
0 1023
       0
       0
       0
       0
       0
     381
    1324
    1757
    2438
    3650
    5105
    6671
    8058
    8523
    8241
    7135
    5931
    4642
    4096
    3786
    4534
    5714
    7254
    8965
   10620
   12135
   12663
   12766
   11702
   10578
    8756
    6813
    5091
    3535
    2349
    1528
     976
     664
     488
     385
     305
     299
     249
     285
     264
     248
     267
     235
     268
     263
     266
     225
     237
     232
     203
     184
     210
     208
     207
     203
     169
     176
     185
     156
     192
     167
     167
     162
     174
     156
     169
     145
     156
     134
     135
     126
     136
     147
     144
     145
     111
     107
     101
     138
     125
     116
     108
     126
     103
     109
     123
     104
     122
      92
      97
      89
     101
      80
      75
      68
      93
      91
      72
      83
      81
      80
      76
      77
      66
      69
      74
      70
      56
      57
      72
      59
      65
      72
      55
      50
      65
      52
      55
      57
      34
      54
      53
      46
      43
      60
      65
      47
      45
      45
      39
      41
      47
      47
      43
      26
      40
      44
      31
      36
      42
      43
      34
      39
      37
      39
      34
      34
      39
      29
      29
      30
      30
      42
      24
      28
      32
      21
      30
      25
      28
      23
      33
      29
      20
      26
      24
      19
      12
      19
      22
      19
      21
      21
      19
      20
      23
      21
      26
      24
      25
      18
      16
      21
      18
      18
      16
      19
       8
      13
      10
      19
      16
      18
      21
      12
      27
      11
      13
      15
      14
      14
       8
      16
      18
      12
      17
      13
      10
      13
      18
      13
      24
      17
      13
       9
      22
      12
      15
      15
       8
      17
      16
      17
      10
      13
      20
       3
       8
      10
      17
      14
       5
      14
      21
       7
      22
      17
      11
      12
      11
      18
      12
      13
       9
      10
      13
      10
      18
      11
      10
       9
       8
      14
       9
      11
       7
      15
      15
      11
      10
       8
       9
      18
       9
       7
      11
      16
      10
      10
      13
      18
       6
       6
      10
      12
      11
       5
      14
       8
       6
       8
       6
      13
      11
       7
       8
       3
       5
       8
       9
      10
       5
       8
       3
       5
       1
       9
       6
       4
       4
       8
       3
       8
       5
       8
      11
      12
       9
       4
       7
       5
       4
       9
       7
       8
       6
       5
       5
       5
       9
       4
       9
       6
       8
       5
       7
       7
       6
       8
       7
       5
       4
       4
       4
       6
       7
       3
       6
       5
       2
       2
       4
       3
       6
       4
       5
       8
       6
       1
       2
       7
       3
       8
       3
       4
       6
       2
       3
       5
       3
       3
       2
       7
       4
       4
       8
       4
       2
       8
       4
       6
       3
       5
       4
       5
       6
       7
       2
       3
       5
       2
       6
       6
       3
       9
       2
       2
       5
       4
      10
       6
       5
       5
       6
       7
       4
       4
       3
       3
       4
       3
       3
       2
       1
       4
       3
       5
       1
       5
       3
       3
       3
       4
       1
       1
       4
       5
       4
       2
       2
      10
       4
       7
       4
       8
       2
       5
       5
       5
       2
       4
       4
       2
       4
       1
       3
       4
       1
       5
       3
       0
       0
       2
       6
       4
       4
       5
       3
       2
       4
       2
       5
       3
       1
       1
       1
       1
       4
       3
       0
       3
       4
       4
       5
       6
       8
       6
       0
       4
       5
       7
       2
       2
       5
       1
       5
       3
       2
       3
       5
       5
       3
       3
       3
       3
       3
       3
       3
       4
       3
       2
       2
       3
       4
       3
       2
       6
       4
       4
       2
       5
       2
       5
       2
       3
       5
       4
       1
       1
       3
       2
       3
       2
       1
       6
       1
       1
       3
       0
       2
       2
       3
       2
       3
       0
       1
       0
       0
       3
       1
       1
       6
       1
       4
       1
       2
       2
       1
       3
       2
       2
       2
       0
       4
       1
       1
       5
       5
       3
       2
       4
       5
       2
       2
       6
       1
       2
       2
       0
       2
       3
       2
       1
       2
       1
       3
       6
       1
       2
       4
       3
       2
       2
       1
       3
       4
       1
       6
       4
       4
       3
       4
       1
       3
       3
       1
       6
       4
       2
       2
       3
       3
       3
       3
       2
       1
       1
       6
       2
       2
       1
       2
       3
       3
       4
       2
       2
       4
       1
       4
       1
       2
       5
       3
       4
       1
       1
       7
       1
       1
       2
       1
       1
       4
       3
       0
       3
       5
       1
       2
       4
       3
       2
       1
       3
       2
       2
       6
       1
       2
       4
       1
       0
       1
       1
       1
       0
       1
       2
       1
       1
       3
       2
       2
       1
       4
       0
       1
       1
       0
       2
       0
       0
       3
       1
       2
       0
       0
       5
       1
       5
       0
       0
       1
       0
       1
       1
       1
       0
       2
       0
       0
       0
       0
       1
       0
       0
       3
       1
       1
       1
       2
       2
       0
       2
       1
       2
       1
       1
       1
       1
       1
       0
       0
       1
       4
       1
       3
       1
       0
       0
       0
       0
       3
       0
       1
       0
       1
       0
       1
       1
       0
       0
       0
       2
       2
       2
       1
       1
       1
       1
       2
       4
       0
       0
       0
       5
       1
       2
       1
       0
       0
       3
       1
       1
       1
       1
       0
       0
       1
       1
       1
       0
       1
       0
       0
       1
       0
       1
       1
       0
       1
       0
       0
       1
       1
       0
       0
       0
       0
       0
       0
       0
       0
       0
       0
       0
       1
       2
       1
       0
       0
       0
       1
       0
       0
       0
       1
       2
       0
       1
       3
       0
       2
       1
       0
       0
       0
       0
       0
       3
       0
       0
       1
       0
       0
       1
       3
       1
       1
       1
       0
       0
       0
       1
       1
       0
       0
       2
       1
       0
       0
       0
       0
       0
       1
       0
       1
       0
       0
       0
       1
       0
       0
       0
       0
       0
       0
       0
       0
       1
       1
       1
       1
       1
       0
       0
       0
       0
       2
       0
       1
       1
       1
       1
       0
       0
       0
       0
       1
       0
       0
       1
       1
       1
       0
       0
       0
       1
       0
       0
       0
       0
       0
       0
       0
       0
       0
       1
       1
       0
       1
       2
       0
       0
       0
       0
       1
       0
       0
       1
       0
       0
       0
       0
       0
       0
       0
       1
       0
       0
       0
       0
       0
       1
       0
       1
       1
       0
       0
       0
       1
       1
       0
       0
       1
       2
       0
       0
       0
       0
       2
       0
       1
       0
       1
       1
       1
       3
       1
       0
       1
       0
       0
       1
       2
       0
       1
       0
       0
       0
       0
       0
       0
       0
       0
       0
       0
       1
       0
       0
       0
       0
       0
       0
       0
       0
       0
       0
       0
       1
       0
       0
       0
       0
       1
       0
       0
       0
       0
       1
       0
       0
       0
       0
       0
       1
       0
       0
       1
       1
       0
       0
       3
       0
       0
       0
       0
       0
       0
       0
       0
       0
       1
       0
       0
       0
       0
       0
       1
       0
       0
       0
       0
       0
       0
       0
       0
       0
       0
       0
       1
       0
       0
       1
       0
       0
       0
       0
$ROI:
0
$PRESETS:
Live Time
300
0
$ENER_FIT:
0.000000 2.163128
$MCA_CAL:
3
0.000000E+000 2.163128E+000 0.000000E+000 keV
$SHAPE_CAL:
3
3.599727E+001 0.000000E+000 0.000000E+000
