$SPEC_ID:
No sample description was entered.
$SPEC_REM:
DET# 2
DETDESC# SPACESCIENCE8 digiBASE-RH SN 15121449
AP# Maestro Version 7.01
$DATE_MEA:
09/25/2024 15:09:24
$MEAS_TIM:
300 300
$DATA:
0 1023
       0
       0
       0
       0
       0
       0
       0
       0
       0
       0
      15
      64
      87
      84
      83
      86
      99
     106
     111
     126
     156
     154
     174
     180
     197
     189
     246
     198
     217
     244
     235
     235
     281
     248
     277
     235
     285
     254
     282
     274
     268
     274
     299
     270
     244
     274
     239
     236
     264
     238
     243
     202
     193
     215
     185
     203
     198
     172
     156
     194
     177
     179
     166
     162
     159
     152
     176
     162
     168
     161
     160
     144
     122
     151
     152
     133
     153
     156
     122
     136
     135
     110
     126
     122
     137
     119
     127
     114
     113
     117
     117
     122
     131
     126
     126
      99
     120
      98
     132
     117
      90
      99
      88
      95
      96
      93
     109
     109
     101
      92
      94
      93
      98
      83
      81
      95
      85
      99
      93
      80
      79
      80
      73
      64
      60
      74
      67
      62
      74
      60
      77
      78
      62
      71
      68
      51
      67
      51
      68
      58
      65
      56
      57
      54
      66
      52
      44
      47
      42
      49
      52
      66
      33
      53
      60
      49
      45
      41
      46
      49
      40
      58
      41
      53
      32
      48
      55
      39
      42
      45
      44
      39
      61
      34
      46
      42
      39
      33
      41
      57
      44
      41
      35
      29
      43
      39
      46
      45
      33
      28
      48
      26
      36
      31
      37
      33
      25
      31
      18
      29
      25
      29
      29
      28
      27
      32
      25
      29
      18
      20
      16
      15
      19
      26
      18
      15
      25
      28
      22
      28
      19
      25
      20
      20
      23
      23
      20
      19
      17
      20
      18
      22
      25
      26
      22
      18
      23
      20
      24
      19
      22
      29
      20
      18
      23
      20
      22
      25
      14
      26
      17
      18
      25
      16
      13
      21
      15
      18
      20
      22
      17
      17
      15
      16
      14
      20
      15
      19
      16
      24
      19
      13
      19
      17
      17
      22
      19
      20
      18
      19
      19
      27
      23
      22
      21
      24
      16
      23
      22
      17
      13
      19
      13
      17
      24
      17
      22
      24
      25
      17
      20
      20
      23
      15
      24
      17
      19
      21
      22
      17
      23
      17
      40
      24
      20
      17
      19
      18
      20
      22
      17
      22
      19
      20
      21
      13
      15
      11
       9
      22
      18
      18
      12
      25
      10
      15
      18
      19
       6
      16
      12
      14
      24
      22
      13
      15
      13
      10
      17
      13
      14
      15
      15
      14
      14
      11
      16
      18
      10
      11
      19
      16
      11
      12
      13
       8
      11
      13
      11
      10
       8
       6
       7
       9
      16
      13
       4
      16
      14
       5
      14
      12
      10
      13
      12
       6
       6
      11
      12
       7
       8
       5
      12
       5
       8
       9
       7
       7
       9
       9
      10
       8
       4
       6
       8
      10
       5
      10
       6
      10
       7
       9
      13
       7
       8
       4
       7
       6
       8
       9
      10
      10
       7
       7
       9
      12
       6
       9
       7
       7
       5
       7
       8
      10
       5
       5
       7
      11
       8
       5
       3
      14
      10
       6
       7
       7
      10
       4
       4
       9
      14
       6
       9
       6
       8
       4
      13
       6
      11
      10
       8
       5
       5
      14
      15
      13
       3
       6
      10
       9
       8
       5
       8
       5
       6
       8
       9
       5
       8
      16
      14
       4
       9
       8
       8
       9
       8
       9
       7
       5
      10
       8
       6
       6
       7
      12
       9
       9
       4
       7
       5
       8
       3
       5
       8
       5
       7
       5
       6
       3
       4
      11
       4
       5
       6
       9
       7
      10
       9
       2
       7
       3
       8
       6
       6
       5
       1
       6
       6
       5
       9
       6
       7
       2
       7
       3
       9
       6
       3
       7
       7
       4
      10
       2
       6
       7
       5
       2
      11
       3
       3
       4
       6
       6
       2
       5
       3
       6
       8
       2
       5
       5
       7
       1
      11
       4
       4
       5
       7
       9
       3
       6
       3
       3
       7
       8
       5
       8
       1
       8
       8
       4
       7
       3
       4
       4
       8
       5
       5
       3
       9
       1
       3
       6
       4
       7
       4
       9
       6
      10
       7
       4
       5
       4
       6
       5
       4
       5
       5
       2
       6
       8
       4
       1
       4
       7
       9
       3
       5
       3
       2
       5
       5
       2
       3
       3
       5
       1
       5
       6
       0
       5
       1
       1
       2
       4
       1
       3
       5
       3
       3
       5
       6
       6
       3
       4
       4
       6
       4
       7
       4
       5
       7
       1
       4
       7
       1
       2
       7
       4
       4
       5
       4
       6
       2
       3
       1
       5
       1
       1
       2
       3
       1
       5
       3
       4
      10
       7
       5
       3
       5
       2
       4
       1
       1
       3
       4
       1
       3
       3
       4
       1
       4
       3
       5
       2
       5
       2
       4
       2
       4
       2
       3
       1
       3
       5
       6
       7
       4
       7
       5
       4
       6
       3
       3
       5
       3
       6
       9
       1
       6
       4
       5
       4
       8
       4
       7
       4
       8
       3
       5
       6
      11
       6
       7
       7
       6
       9
       6
      10
       6
      10
       8
       6
      11
       5
       5
      12
       5
       8
      11
      10
       8
       6
       3
      10
       6
      10
      13
      15
       9
       8
       6
       6
      14
       8
       7
       7
       5
       7
      11
      10
      14
       7
       3
      12
       7
       5
       6
      10
       6
       2
       3
       4
       4
       5
       5
       5
       7
       8
       3
       7
       7
       3
       5
       2
       2
       3
       4
       3
       6
       5
       5
       5
       5
       2
       2
       5
       2
       0
       6
       2
       2
       3
       1
       1
       2
       0
       3
       3
       2
       3
       2
       1
       2
       1
       0
       1
       1
       2
       2
       1
       1
       1
       2
       0
       1
       2
       2
       2
       1
       0
       1
       1
       1
       1
       1
       2
       1
       1
       1
       1
       0
       3
       1
       1
       1
       0
       1
       0
       2
       1
       0
       0
       2
       4
       0
       1
       2
       1
       2
       3
       3
       4
       1
       2
       1
       1
       5
       1
       2
       4
       1
       2
       1
       1
       0
       2
       2
       5
       1
       3
       0
       1
       2
       2
       0
       3
       1
       2
       1
       2
       1
       3
       0
       2
       4
       1
       0
       1
       4
       2
       3
       3
       3
       3
       0
       0
       3
       1
       2
       0
       3
       2
       3
       2
       1
       1
       2
       0
       1
       0
       2
       4
       0
       0
       0
       0
       1
       1
       1
       1
       0
       2
       1
       2
       0
       1
       2
       0
       2
       1
       1
       0
       2
       2
       1
       3
       1
       3
       0
       3
       0
       2
       0
       0
       1
       0
       1
       1
       1
       0
       1
       0
       1
       0
       0
       2
       0
       1
       0
       0
       0
       4
       0
       2
       0
       0
       0
       0
       1
       0
       0
       2
       0
       1
       0
       0
       1
       0
       0
       1
       0
       1
       2
       0
       0
       0
       0
       0
       0
       1
       0
       0
       0
       0
       1
       0
       1
       0
       0
       0
       2
       0
$ROI:
3
6 55
212 320
787 895
$PRESETS:
None
0
0
$ENER_FIT:
0.000000 2.204597
$MCA_CAL:
3
0.000000E+000 2.204597E+000 0.000000E+000 keV
$SHAPE_CAL:
3
1.191474E+001 0.000000E+000 0.000000E+000
