$SPEC_ID:
No sample description was entered.
$SPEC_REM:
DET# 1
DETDESC# SPACESCIENCE4 digiBASE-RH SN 15121435
AP# Maestro Version 7.01
$DATE_MEA:
09/23/2024 16:26:30
$MEAS_TIM:
300 300
$DATA:
0 1023
       0
       0
       0
       0
       0
     114
     261
     177
     105
      88
      86
     112
     109
     135
     129
     126
     117
     103
      90
      72
      73
      81
     107
     104
     108
     123
     114
     135
     142
     140
     181
     203
     180
     194
     188
     196
     196
     234
     234
     207
     239
     243
     237
     260
     221
     232
     223
     235
     247
     230
     211
     235
     213
     175
     203
     219
     173
     195
     209
     224
     194
     199
     176
     164
     174
     211
     159
     170
     146
     176
     165
     164
     142
     139
     147
     148
     148
     119
     115
     122
     111
     130
     143
     117
     106
     102
     118
     104
      95
     108
     110
     121
     104
      91
     101
      92
     104
      83
      99
      82
      74
      71
      71
      74
      79
      87
      76
      79
      67
      64
      67
      66
      65
      78
      58
      61
      65
      55
      66
      42
      59
      56
      52
      60
      55
      65
      39
      55
      48
      46
      42
      48
      42
      51
      48
      36
      49
      44
      31
      45
      39
      41
      46
      35
      23
      29
      31
      32
      22
      25
      41
      27
      44
      27
      31
      31
      29
      30
      39
      27
      23
      24
      20
      23
      28
      17
      24
      16
      25
      23
      24
      28
      15
      27
      27
      30
      28
      14
      16
      19
      23
      27
      28
      17
      21
      14
      16
      20
      23
      18
      18
      17
      17
      17
      14
      18
      10
      23
      18
      18
      12
      14
      17
      11
      13
      23
      18
      18
      15
      10
      17
      17
      13
      16
      18
      11
      16
      14
      22
      17
       8
      14
      10
      13
      21
      10
       9
       9
      16
      10
      14
      13
      14
       8
      13
      11
      15
      10
      15
      14
      12
      11
      11
       7
      10
      11
      14
       8
       9
      15
      12
      13
       7
      16
      16
       8
      11
       8
      15
      10
       9
      10
      13
       9
      10
      11
       6
       9
       8
      17
      13
       8
      11
      11
      14
      12
      11
       9
       9
       9
       3
       6
      12
       7
       9
      11
      12
      13
       9
       7
       7
       4
      12
      12
       9
       8
       7
       4
       8
       9
       5
       5
       7
       8
       6
       6
      11
       7
       3
      10
       4
       0
       2
       4
       8
       6
       9
       4
      10
       3
       6
       7
       6
       8
       6
       7
       6
       3
       3
       7
       3
       3
      10
       6
       6
       3
       8
       2
       8
       7
       2
       9
       3
       2
       8
       5
       8
       4
       5
       8
       6
       9
       3
       3
       7
       2
       2
       4
       5
      11
       3
       4
       2
       6
       2
       3
       6
       5
       3
       6
       2
       3
       5
       5
       3
       7
       3
       5
       6
       6
       3
       3
       4
       3
       4
       4
       4
       4
       5
       3
       8
       5
       8
       6
       6
       4
       4
       1
       3
       6
       4
       4
       5
       1
       4
       2
       4
       0
       5
       6
       3
       3
       4
       2
       4
       5
       6
       7
       6
       6
       2
       2
       3
       1
       7
       6
       7
       2
       5
       1
       4
       1
       4
       5
       3
       5
       3
       2
       4
       3
       7
       4
       5
       3
       1
       4
       4
       4
       8
       5
       1
       0
       6
       3
       5
       5
       6
       3
       9
       4
       3
       4
       3
       8
       6
       5
       6
       3
       6
       1
       7
       6
       7
       5
       4
       5
       5
       0
       1
       4
       1
       3
       2
       2
       1
       3
       3
       8
       2
       4
       2
       3
       2
       4
       6
       2
       3
       5
       4
       2
       1
       3
       2
       6
       3
       1
       2
       3
       2
       0
       2
       1
       2
       1
       2
       1
       2
       2
       2
       3
       1
       1
       0
       2
       1
       2
       4
       3
       1
       3
       3
       4
       3
       2
       1
       3
       0
       0
       0
       6
       1
       1
       2
       0
       1
       2
       1
       3
       2
       1
       1
       1
       3
       2
       3
       1
       4
       3
       3
       4
       2
       3
       1
       2
       2
       1
       3
       1
       1
       6
       2
       5
       3
       0
       1
       2
       6
       1
       1
       0
       0
       1
       1
       2
       5
       1
       4
       1
       5
       2
       0
       1
       3
       4
       4
       1
       2
       2
       2
       2
       3
       1
       3
       4
       3
       0
       3
       2
       6
       2
       2
       4
       5
       2
       5
       4
       1
       0
       1
       3
       4
       0
       1
       0
       1
       2
       3
       1
       2
       4
       6
       3
       3
       6
       0
       2
       2
       1
       1
       2
       3
       0
       1
       3
       1
       1
       0
       3
       0
       1
       0
       2
       2
       1
       2
       1
       1
       1
       1
       0
       0
       3
       0
       1
       1
       1
       1
       1
       4
       3
       1
       0
       1
       1
       3
       0
       2
       0
       2
       2
       4
       0
       2
       2
       0
       0
       1
       5
       0
       2
       0
       2
       1
       2
       1
       1
       0
       1
       1
       1
       0
       1
       1
       2
       0
       1
       1
       2
       1
       1
       1
       2
       1
       0
       0
       0
       3
       0
       1
       2
       0
       0
       0
       1
       1
       1
       2
       1
       0
       0
       1
       0
       2
       0
       1
       1
       1
       0
       0
       0
       0
       1
       2
       0
       0
       0
       1
       1
       4
       2
       0
       0
       1
       1
       0
       1
       0
       0
       2
       1
       0
       0
       1
       1
       0
       1
       1
       1
       0
       0
       1
       0
       0
       0
       0
       1
       0
       1
       0
       0
       2
       1
       0
       0
       0
       0
       0
       1
       0
       1
       1
       0
       1
       2
       0
       2
       0
       1
       0
       2
       0
       0
       0
       0
       0
       0
       1
       1
       0
       0
       0
       0
       0
       0
       2
       1
       0
       1
       1
       0
       0
       0
       0
       0
       1
       0
       0
       0
       1
       0
       0
       0
       0
       0
       0
       3
       1
       1
       0
       0
       0
       1
       1
       2
       0
       0
       0
       1
       0
       0
       1
       0
       0
       1
       0
       0
       1
       0
       0
       0
       0
       2
       0
       0
       0
       0
       0
       2
       0
       0
       0
       0
       0
       2
       0
       0
       1
       1
       0
       0
       0
       1
       0
       0
       0
       0
       0
       0
       0
       0
       1
       0
       0
       1
       0
       1
       1
       1
       1
       0
       0
       0
       1
       2
       2
       0
       0
       1
       1
       1
       0
       0
       2
       0
       0
       0
       0
       0
       0
       0
       0
       0
       0
       1
       0
       0
       0
       0
       0
       0
       0
       0
       0
       0
       0
       1
       1
       0
       1
       0
       0
       0
       0
       0
       0
       0
       0
       0
       0
       0
       0
       0
       0
       1
       0
       0
       0
       0
       0
       1
       0
       0
       0
       0
       0
       1
       0
       0
       0
       0
       0
       0
       0
       1
       0
       0
       0
       0
       0
       0
       0
       0
       2
       0
       0
       1
       2
       0
       0
       1
       1
       1
       0
       1
       0
       0
       0
       0
       0
       0
       0
       0
       1
       0
       0
       0
       0
       0
       0
       0
       0
       0
       0
       0
       0
       0
       0
       0
       0
       0
       0
       0
       0
       0
$ROI:
0
$PRESETS:
Live Time
300
0
$ENER_FIT:
0.000000 2.163128
$MCA_CAL:
3
0.000000E+000 2.163128E+000 0.000000E+000 keV
$SHAPE_CAL:
3
3.599727E+001 0.000000E+000 0.000000E+000
