$SPEC_ID:
No sample description was entered.
$SPEC_REM:
DET# 1
DETDESC# SPACESCIENCE4 digiBASE-RH SN 15121435
AP# Maestro Version 7.01
$DATE_MEA:
09/23/2024 16:49:38
$MEAS_TIM:
200 200
$DATA:
0 1023
       0
       0
       0
       0
       0
     110
     331
     214
     196
     195
     418
     659
     940
    1369
    1471
    1548
    1369
    1119
     831
     552
     422
     294
     250
     231
     238
     266
     290
     308
     333
     346
     378
     403
     445
     501
     577
     608
     632
     658
     742
     602
     587
     585
     515
     411
     440
     341
     334
     294
     298
     271
     292
     281
     260
     248
     259
     248
     275
     262
     264
     276
     236
     224
     262
     251
     235
     253
     246
     200
     241
     260
     278
     243
     248
     244
     271
     228
     234
     231
     223
     234
     226
     189
     205
     216
     190
     219
     197
     210
     187
     187
     161
     182
     202
     171
     171
     171
     167
     141
     155
     150
     125
     141
     118
     131
     121
     148
     124
     119
     113
     108
     123
     132
     131
     129
     123
     131
     130
     130
     124
     125
     121
     144
     153
     175
     169
     149
     169
     155
     139
     149
     149
     153
     178
     151
     135
     165
     166
     164
     150
     160
     161
     157
     171
     174
     158
     173
     188
     184
     199
     222
     213
     216
     232
     210
     238
     209
     196
     213
     198
     211
     171
     173
     174
     177
     161
     152
     150
     140
     104
     122
      80
      95
      92
      77
      86
      72
      68
      66
      54
      53
      55
      41
      42
      48
      47
      22
      25
      23
      26
      32
      22
      26
      21
      24
      22
      11
      22
      12
      20
      16
      23
      20
      17
      10
      12
       8
       7
      14
      11
       9
      13
       9
      14
      10
       6
       9
      11
      10
      12
       9
      10
      10
      12
       9
       5
       6
      13
      16
       9
       9
       9
       6
       5
      12
      14
       3
       8
       7
       8
      10
       7
      12
       8
       6
       7
       8
      15
       8
      13
       6
       6
       8
       7
      10
       9
       9
       5
       9
       7
       6
       4
       9
       7
       4
       8
       7
       7
       4
       5
      10
       5
      10
      10
       7
       8
       7
       7
       3
       6
      12
       5
       6
       2
       7
      12
       4
       7
       3
       2
       8
       7
       3
       8
       5
      10
       5
       6
       2
       5
       5
       4
       4
       1
       3
       3
       4
       6
       3
       8
       8
       1
       5
       4
       2
      12
       7
       8
       6
       5
       1
       4
       1
       3
       6
       3
       1
       2
       1
       2
       4
       1
       4
       4
       1
       4
       5
       3
       3
       3
       4
       2
       3
       2
       2
       7
       5
       3
       4
       6
       1
       4
       4
       2
       8
       6
       1
       0
       3
       7
       3
       3
       4
       3
       1
       5
       5
       1
       2
       7
       3
       5
       1
       6
       4
       4
       1
       3
       5
       4
       3
       5
       2
       1
       3
       5
       1
       2
       4
       5
       4
       2
       6
       4
       1
       2
       4
       2
       4
       3
       3
       5
       2
       3
       5
       2
       1
       5
       5
       9
       2
       3
       4
       4
       1
       2
       4
       3
       4
       2
       2
       3
       3
       2
       1
       7
       3
       1
       3
       1
       1
       4
       5
       4
       1
       6
       3
       1
       5
       1
       5
       3
       1
       2
       6
       6
       1
       2
       3
       0
       7
       4
       2
       2
       5
       1
       4
       1
       2
       2
       1
       2
       2
       2
       3
       3
       1
       4
       0
       2
       6
       5
       2
       3
       4
       2
       2
       2
       3
       1
       0
       1
       2
       2
       0
       6
       1
       1
       1
       4
       1
       1
       0
       4
       6
       4
       0
       1
       5
       4
       2
       1
       2
       1
       1
       3
       1
       2
       2
       2
       1
       1
       1
       1
       3
       3
       0
       2
       1
       3
       2
       3
       2
       2
       0
       1
       3
       2
       0
       2
       2
       1
       0
       1
       5
       3
       2
       2
       2
       1
       3
       2
       1
       0
       3
       0
       2
       1
       0
       2
       0
       1
       1
       2
       2
       1
       1
       4
       1
       4
       0
       2
       0
       1
       1
       2
       0
       2
       3
       2
       1
       2
       1
       0
       0
       0
       1
       1
       0
       2
       2
       2
       1
       2
       1
       0
       2
       1
       1
       0
       2
       2
       1
       1
       2
       3
       1
       2
       1
       1
       2
       2
       2
       1
       1
       3
       2
       1
       2
       1
       7
       1
       4
       1
       2
       1
       0
       2
       2
       1
       0
       2
       2
       1
       1
       3
       3
       1
       1
       2
       4
       1
       1
       3
       1
       1
       1
       3
       4
       2
       0
       1
       0
       2
       0
       0
       2
       3
       0
       1
       1
       2
       0
       1
       2
       2
       1
       2
       2
       3
       0
       2
       1
       1
       0
       3
       0
       0
       0
       2
       0
       0
       1
       3
       4
       0
       1
       0
       0
       2
       1
       1
       0
       1
       1
       0
       0
       1
       1
       1
       0
       1
       1
       0
       1
       0
       2
       0
       0
       1
       1
       0
       1
       1
       1
       1
       1
       0
       0
       0
       0
       1
       0
       1
       1
       0
       1
       0
       1
       1
       2
       0
       1
       0
       1
       2
       0
       0
       0
       0
       0
       0
       1
       1
       0
       0
       0
       0
       2
       2
       1
       0
       2
       0
       0
       1
       0
       1
       3
       0
       1
       1
       0
       0
       1
       0
       1
       1
       1
       1
       0
       0
       0
       0
       1
       1
       0
       0
       2
       1
       1
       0
       1
       0
       1
       0
       1
       0
       1
       0
       1
       0
       2
       0
       0
       0
       0
       0
       0
       0
       0
       0
       0
       0
       0
       1
       1
       2
       0
       1
       0
       1
       0
       0
       0
       1
       0
       0
       1
       1
       1
       0
       0
       0
       0
       0
       0
       0
       0
       0
       0
       1
       0
       1
       0
       0
       0
       1
       0
       0
       0
       1
       0
       0
       1
       0
       0
       0
       0
       0
       0
       0
       0
       1
       1
       0
       3
       1
       0
       0
       1
       0
       0
       0
       1
       0
       1
       1
       0
       1
       0
       1
       0
       0
       0
       0
       0
       0
       0
       0
       1
       0
       0
       0
       0
       2
       0
       0
       0
       0
       0
       0
       0
       0
       1
       1
       0
       0
       0
       1
       1
       1
       1
       1
       0
       0
       0
       0
       0
       0
       0
       0
       0
       1
       0
       0
       2
       0
       0
       1
       1
       0
       0
       0
       1
       0
       1
       0
       0
       2
       0
       0
       0
       0
       1
       1
       1
       1
       0
       0
       0
       0
       0
       0
       0
       0
       0
       0
       0
       0
       0
       0
       0
       2
       0
       1
       0
       0
       1
       0
       0
       0
       0
       0
       0
       0
       0
       0
       0
       0
       1
       0
       0
       0
       0
       1
       1
       1
       0
       1
       0
       1
       0
       1
       0
       0
       0
       0
       1
       1
       0
       0
       0
       0
       0
       0
       0
       0
       0
       0
       0
       0
       0
       0
       1
       1
       0
       0
       0
       0
       0
       1
       0
       0
       0
       0
       0
       0
       0
       0
       0
       0
       0
       0
       0
       1
       1
       0
       0
       0
       0
       0
       0
       0
       0
$ROI:
0
$PRESETS:
Live Time
300
0
$ENER_FIT:
0.000000 2.163128
$MCA_CAL:
3
0.000000E+000 2.163128E+000 0.000000E+000 keV
$SHAPE_CAL:
3
3.599727E+001 0.000000E+000 0.000000E+000
