$SPEC_ID:
No sample description was entered.
$SPEC_REM:
DET# 1
DETDESC# SPACESCIENCE4 digiBASE-RH SN 15121435
AP# Maestro Version 7.01
$DATE_MEA:
09/23/2024 16:45:31
$MEAS_TIM:
200 200
$DATA:
0 1023
       0
       0
       0
       0
       0
     110
     311
     225
     168
     213
     372
     642
     950
    1339
    1600
    1598
    1497
    1205
     867
     639
     444
     328
     276
     247
     242
     238
     273
     273
     317
     344
     383
     360
     437
     502
     518
     552
     601
     693
     673
     653
     633
     564
     531
     487
     410
     362
     329
     269
     290
     299
     292
     259
     252
     243
     270
     274
     252
     270
     288
     271
     241
     240
     281
     279
     256
     264
     293
     253
     262
     254
     251
     273
     277
     231
     250
     249
     231
     227
     226
     201
     227
     200
     190
     222
     208
     208
     197
     172
     168
     194
     175
     169
     155
     173
     156
     146
     150
     146
     157
     153
     133
     123
     122
     123
     139
     124
     135
     137
     108
     111
     127
     116
     112
     111
     124
     119
     121
     123
     136
     151
     134
     130
     147
     142
     160
     142
     155
     144
     150
     151
     154
     133
     151
     139
     160
     155
     172
     141
     127
     159
     148
     151
     183
     199
     172
     183
     178
     168
     186
     180
     208
     178
     214
     208
     213
     219
     232
     199
     231
     198
     202
     185
     171
     178
     201
     155
     135
     147
     126
     124
     105
     118
      91
      84
      65
      73
      73
      54
      57
      47
      60
      39
      41
      41
      37
      34
      35
      26
      20
      35
      22
      30
      11
      17
      21
      19
      20
      16
      13
       9
      15
      16
       4
      17
      16
      17
      19
      18
      12
       7
      14
      16
       8
       8
      12
      10
      15
       8
      10
      12
      10
       6
      11
       7
      15
      11
       9
      10
      11
      10
      14
       8
      12
      15
       9
       8
       6
      14
       7
       9
      10
      12
       8
       6
       8
      16
       5
      12
       7
       7
       6
      12
       4
      10
       6
       5
      10
       6
       7
       9
      11
       8
       3
      13
       8
       9
       8
       5
       8
      10
       7
       6
      11
       5
       7
       7
       6
       8
       2
       8
       6
       5
       9
       4
       4
       4
      10
       8
       9
       2
       5
       6
       7
       8
       3
       2
       7
       7
       4
      10
       9
       5
       3
       3
       2
       7
       3
       6
       3
       6
       5
       6
       4
       7
       6
       4
       8
       2
       3
       7
       3
       9
       4
       5
       6
       4
       4
       3
       1
       2
       3
       3
       8
       2
       3
       4
       6
       2
       4
       3
       5
       6
       5
       4
       5
       3
       5
       0
       5
       4
       5
       2
       6
       4
       6
       3
       4
       5
       1
       5
       2
       1
       3
       7
       9
       5
       5
       5
       3
       6
       6
       3
       4
       2
       1
       4
       7
       6
       3
       0
       3
       2
       6
       4
       0
       3
       1
       4
       1
       4
       2
       2
       3
       6
       4
       1
       2
       1
       3
       4
       6
       3
       4
       0
       3
       3
       4
       8
       1
       5
       2
       5
       2
       2
       4
       4
       3
       2
       4
       2
       2
       1
       0
       2
       2
       3
       1
       1
       5
       1
       2
       1
       1
       4
       1
       2
       7
       2
       4
       1
       2
       6
       3
       2
       3
       1
       2
       4
       0
       1
       4
       1
       0
       7
       1
       4
       2
       3
       2
       5
       0
       1
       3
       3
       3
       1
       5
       5
       0
       3
       4
       2
       3
       0
       2
       2
       0
       3
       2
       1
       0
       6
       2
       3
       0
       6
       0
       1
       3
       1
       2
       1
       1
       1
       3
       2
       2
       3
       1
       3
       1
       2
       0
       1
       4
       0
       2
       2
       4
       2
       2
       2
       2
       1
       1
       1
       1
       0
       1
       1
       2
       2
       3
       0
       2
       1
       0
       0
       2
       1
       1
       0
       2
       3
       1
       2
       2
       3
       0
       3
       0
       1
       2
       0
       1
       2
       1
       0
       1
       1
       1
       2
       3
       0
       1
       3
       1
       2
       1
       1
       0
       0
       3
       2
       1
       2
       1
       2
       1
       3
       1
       1
       0
       3
       2
       0
       1
       1
       3
       2
       1
       3
       4
       1
       0
       2
       1
       5
       1
       1
       2
       1
       0
       3
       0
       2
       2
       0
       1
       0
       4
       4
       1
       2
       0
       1
       6
       1
       2
       1
       3
       1
       1
       1
       3
       2
       0
       2
       2
       1
       6
       1
       0
       3
       2
       0
       1
       1
       2
       0
       0
       3
       2
       0
       0
       1
       1
       2
       3
       1
       3
       1
       4
       0
       0
       2
       0
       0
       1
       3
       2
       0
       1
       1
       1
       2
       1
       2
       2
       2
       1
       0
       0
       0
       0
       0
       1
       0
       1
       0
       3
       0
       1
       2
       1
       4
       1
       1
       1
       1
       2
       1
       0
       1
       0
       0
       0
       1
       2
       0
       1
       0
       1
       1
       0
       2
       1
       2
       1
       0
       0
       0
       1
       0
       0
       1
       0
       0
       1
       0
       1
       1
       1
       0
       0
       0
       0
       0
       0
       2
       0
       0
       1
       0
       2
       0
       2
       0
       1
       2
       1
       0
       0
       0
       0
       0
       0
       0
       0
       0
       3
       0
       1
       0
       0
       1
       1
       1
       1
       0
       1
       0
       3
       1
       0
       0
       0
       0
       1
       0
       1
       1
       0
       0
       0
       1
       0
       0
       0
       0
       0
       0
       0
       0
       0
       0
       0
       0
       0
       0
       1
       0
       1
       1
       0
       1
       2
       0
       0
       0
       0
       0
       0
       1
       1
       2
       1
       1
       0
       0
       1
       1
       1
       0
       1
       0
       0
       0
       0
       0
       0
       0
       0
       0
       1
       0
       0
       0
       0
       0
       1
       0
       1
       4
       0
       2
       0
       1
       0
       0
       0
       0
       0
       0
       0
       0
       2
       1
       0
       0
       0
       0
       0
       0
       0
       0
       0
       0
       1
       2
       1
       0
       0
       0
       1
       0
       0
       0
       0
       1
       0
       0
       0
       1
       0
       2
       1
       0
       1
       0
       0
       0
       0
       0
       0
       1
       0
       0
       0
       0
       0
       0
       0
       0
       0
       0
       1
       0
       0
       0
       0
       0
       0
       0
       1
       0
       1
       0
       0
       0
       0
       0
       0
       0
       0
       1
       0
       0
       0
       0
       0
       0
       0
       0
       0
       0
       0
       0
       0
       0
       0
       1
       0
       1
       0
       0
       0
       0
       0
       0
       0
       0
       0
       0
       0
       0
       0
       0
       0
       0
       0
       0
       0
       0
       0
       2
       0
       0
       0
       0
       0
       0
       0
       0
       0
       0
       0
       0
       0
       0
       1
       0
       1
       0
       0
       0
       0
       0
       1
       0
       0
       0
       0
       0
       0
       0
       0
       0
       0
       0
       0
       0
       0
       0
       0
       0
       0
       0
       0
       0
       0
       0
       1
       0
       0
       0
       0
       0
       0
       0
       0
       0
       1
       1
       1
       0
       0
       0
       0
       0
       0
       0
       0
       0
       0
       0
       1
       0
       0
       1
       1
       1
       0
       0
$ROI:
0
$PRESETS:
Live Time
300
0
$ENER_FIT:
0.000000 2.163128
$MCA_CAL:
3
0.000000E+000 2.163128E+000 0.000000E+000 keV
$SHAPE_CAL:
3
3.599727E+001 0.000000E+000 0.000000E+000
