$SPEC_ID:
No sample description was entered.
$SPEC_REM:
DET# 2
DETDESC# SPACESCIENCE8 digiBASE-RH SN 15121449
AP# Maestro Version 7.01
$DATE_MEA:
09/25/2024 14:09:58
$MEAS_TIM:
199 200
$DATA:
0 1023
       0
       0
       0
       0
       0
       0
       0
       0
       0
       0
     728
    3174
    3880
    3910
    3879
    3464
    3006
    2485
    1945
    1507
    1033
     890
     693
     565
     567
     503
     522
     556
     625
     643
     738
     846
     853
     893
     983
    1027
    1104
    1047
    1148
    1100
    1122
    1049
    1061
     918
     831
     772
     693
     646
     533
     486
     440
     396
     343
     323
     312
     253
     293
     280
     260
     272
     248
     257
     252
     227
     284
     238
     231
     245
     252
     253
     260
     241
     251
     277
     287
     247
     278
     268
     288
     245
     275
     274
     260
     287
     278
     262
     250
     264
     280
     256
     250
     244
     259
     246
     266
     234
     200
     237
     247
     225
     227
     222
     220
     214
     196
     205
     214
     214
     176
     192
     214
     209
     183
     198
     181
     178
     215
     193
     212
     193
     179
     157
     194
     179
     161
     181
     175
     170
     199
     151
     165
     185
     190
     182
     196
     198
     181
     217
     213
     241
     238
     277
     228
     259
     253
     253
     271
     288
     272
     260
     237
     292
     290
     279
     297
     294
     268
     282
     287
     285
     291
     308
     278
     311
     311
     336
     330
     323
     348
     319
     333
     379
     400
     421
     386
     414
     449
     489
     512
     500
     554
     527
     530
     547
     526
     475
     537
     502
     491
     479
     423
     503
     448
     404
     426
     393
     376
     337
     300
     309
     254
     222
     273
     219
     196
     176
     148
     144
     122
     125
     135
     105
      84
     100
      88
      83
      61
      67
      42
      40
      35
      29
      26
      28
      31
      28
      33
      22
      28
      12
      28
      21
      11
      24
      14
      23
      21
      18
      18
       7
       8
      17
      12
      17
      21
      12
      17
       8
      11
      19
      11
      12
       9
       8
      14
      17
      14
      12
      14
      15
      11
      17
      10
       9
       8
      13
      10
       8
      12
      12
       6
      12
      11
      12
       9
      11
      10
      11
      10
      14
      10
       5
      15
      14
      17
       7
      10
      12
      10
      14
      13
      19
      19
       9
      10
      12
      14
       8
      14
      11
      13
      14
       9
      13
      19
      12
      11
       9
      12
      14
      10
       9
      12
      17
       7
      17
      13
      15
      13
      12
      14
      14
       2
      11
       9
      15
      11
       9
       8
      11
      12
       7
      12
       8
      14
      10
       6
      10
       6
      12
       7
       4
       6
       6
      11
       8
      11
      11
       7
       5
       6
       6
       8
       5
      13
       9
      14
       7
       7
       4
       8
      11
       6
       7
       4
       7
       3
       4
      11
       9
       4
       3
       5
       8
       9
       5
       6
       9
       4
       6
      13
       5
       3
       2
       8
       6
       4
      13
       3
       7
       7
       4
       6
      11
       4
       5
       8
       7
      11
       6
       5
       5
       7
       5
       5
       4
       8
       3
       8
       7
       8
       4
       3
       6
       4
       5
       8
       6
       3
       8
       7
       7
       4
       3
       4
       6
       8
       9
       6
       5
       9
       9
       5
       5
       3
       3
       5
       3
       8
       9
       2
       4
       3
       5
       4
       6
       9
       5
       7
       6
       1
       5
       3
       4
       2
       7
       4
       9
       5
       6
       1
       3
       1
       2
       4
       2
       3
       8
       6
       8
       8
       7
       4
       5
       6
       4
       7
       3
       1
       8
       4
       5
       3
       3
       3
       6
       2
       7
       5
       3
       4
       5
       2
       7
       6
       7
       5
       6
       6
       9
       9
       5
       4
       8
       3
       7
       4
       2
       5
       6
       7
       7
       6
       1
       6
       5
       4
       1
       2
       2
       4
       4
       2
       5
       2
       4
       2
       3
       2
       3
       4
       2
       2
       3
       4
       4
       1
       3
       5
       2
       4
       0
       2
       5
       5
       7
       5
       5
       1
       3
       2
       2
       1
       1
       3
       4
       4
       2
       2
       5
       6
       2
       4
       4
       5
       3
       3
       2
       4
       1
       2
       4
       4
       2
       3
       5
       6
       2
       4
       2
       4
       4
       5
       3
       2
       4
       4
       3
       2
       7
       5
       4
       6
       4
       2
       5
       4
       3
       3
       3
       5
       0
       3
       3
       2
       1
       1
       2
       3
       1
       2
       1
       2
       7
       2
       4
       4
       2
       6
       4
       2
       5
       3
       2
       5
       8
       1
       3
       8
       3
       2
       3
       3
       4
       3
       4
       2
       2
       2
       1
       5
       3
       1
       0
       4
       3
       3
       2
       1
       2
       2
       2
       1
       1
       3
       1
       2
       1
       1
       3
       2
       4
       5
       4
       4
       0
       0
       4
       1
       1
       2
       1
       1
       2
       2
       3
       4
       2
       2
       0
       1
       3
       0
       1
       1
       4
       4
       1
       1
       3
       2
       2
       1
       1
       4
       3
       1
       1
       3
       4
       3
       4
       5
       2
       2
       3
       4
       4
       4
       2
       3
       5
       2
       2
       5
       0
       6
       5
       6
       1
       2
       3
       2
       1
       3
       2
       3
       6
       3
       4
       1
       2
       4
       4
       2
       4
       4
       6
       1
       3
       4
       1
       2
       3
       4
       8
       2
       6
       7
       7
       6
       2
      11
       5
       7
       4
       7
       4
       3
       4
       6
       6
       6
       1
       6
       8
       8
       9
       8
       4
       3
       5
       5
       8
       1
       3
       5
      10
       4
       3
       5
       7
       8
       5
       5
       6
       7
       3
       6
       3
       4
       0
       2
       2
       5
       1
       0
       4
       1
       2
       2
       3
       1
       5
       4
       2
       2
       1
       1
       2
       2
       3
       4
       3
       2
       3
       1
       4
       4
       0
       0
       2
       3
       2
       0
       2
       1
       0
       2
       2
       1
       2
       1
       0
       0
       2
       1
       1
       2
       1
       1
       0
       0
       1
       0
       2
       4
       2
       2
       1
       1
       1
       2
       1
       0
       4
       0
       1
       2
       0
       0
       0
       2
       1
       1
       1
       1
       0
       1
       4
       0
       1
       1
       1
       1
       2
       2
       2
       3
       1
       2
       2
       0
       0
       1
       0
       1
       1
       0
       0
       0
       1
       4
       1
       0
       0
       1
       1
       1
       0
       1
       2
       1
       1
       0
       5
       1
       1
       2
       1
       2
       2
       2
       1
       1
       1
       1
       3
       1
       2
       1
       0
       1
       2
       0
       1
       3
       0
       1
       2
       1
       4
       0
       0
       1
       1
       0
       2
       0
       0
       1
       1
       1
       1
       0
       0
       2
       3
       1
       1
       1
       1
       0
       2
       3
       0
       0
       0
       2
       0
       0
       1
       1
       1
       1
       2
       1
       1
       1
       0
       1
       2
       1
       1
       3
       0
       0
       1
       1
       0
       0
       0
       1
       0
       0
       1
       0
       0
       1
       1
       0
       1
       1
       1
       0
       0
       0
       0
       0
       0
       0
       0
       0
       0
       0
       1
       0
       0
       0
       1
       1
       0
       0
       0
       1
       0
       0
       0
       0
       0
       0
       2
       0
       0
$ROI:
3
6 55
212 320
787 895
$PRESETS:
None
0
0
$ENER_FIT:
0.000000 2.204597
$MCA_CAL:
3
0.000000E+000 2.204597E+000 0.000000E+000 keV
$SHAPE_CAL:
3
1.191474E+001 0.000000E+000 0.000000E+000
