$SPEC_ID:
No sample description was entered.
$SPEC_REM:
DET# 1
DETDESC# SPACESCIENCE4 digiBASE-RH SN 15121435
AP# Maestro Version 7.01
$DATE_MEA:
09/23/2024 16:57:26
$MEAS_TIM:
199 200
$DATA:
0 1023
       0
       0
       0
       0
       0
     121
     379
     282
     310
     443
     775
    1169
    1661
    1787
    1981
    1828
    1503
    1167
     827
     589
     382
     316
     302
     305
     287
     316
     360
     431
     449
     491
     595
     605
     665
     744
     739
     782
     722
     795
     727
     637
     603
     560
     465
     446
     388
     331
     367
     296
     323
     299
     342
     305
     291
     284
     272
     298
     281
     303
     308
     303
     307
     287
     325
     308
     289
     286
     274
     315
     298
     288
     287
     275
     261
     311
     279
     289
     282
     258
     260
     268
     266
     260
     255
     206
     234
     218
     213
     218
     206
     210
     221
     198
     205
     191
     216
     212
     196
     169
     160
     189
     169
     151
     149
     154
     141
     136
     143
     146
     147
     150
     160
     147
     163
     185
     172
     149
     176
     163
     162
     172
     168
     202
     159
     193
     169
     172
     185
     189
     189
     192
     182
     224
     215
     184
     192
     210
     182
     192
     193
     208
     202
     214
     221
     229
     213
     233
     234
     252
     241
     268
     227
     295
     259
     292
     279
     261
     267
     267
     293
     251
     222
     239
     224
     203
     204
     180
     168
     169
     163
     141
     143
     127
     135
     124
      98
     104
     101
      94
      80
      75
      74
      71
      56
      56
      46
      49
      38
      41
      34
      44
      24
      38
      24
      28
      39
      21
      26
      29
      16
      32
      14
      23
      18
      14
      17
      11
      16
      17
      20
      16
      13
      21
      18
      11
      10
      12
       9
      16
      10
      11
      10
      11
       8
       8
       8
      10
      13
       9
      12
      15
       6
      10
      13
       8
       6
       9
       7
       7
       7
      12
      10
      12
       5
      11
       6
       8
       7
       6
       5
       4
       8
       5
       8
       5
       7
      10
       8
       5
       5
       6
       8
      11
       4
       7
      11
       9
       6
       7
       7
       3
       9
       4
      10
       8
       9
       5
       6
       4
       2
       5
       5
       9
       4
       3
       3
       5
       3
       5
       6
       4
       5
       7
       8
       5
       6
       9
       5
       4
       9
       7
       8
       2
       7
       5
       6
       7
       5
       4
       1
       1
       7
       4
       7
       5
       3
       3
       2
       6
       3
       5
       4
       7
       8
       7
       6
       7
       4
       8
       3
       6
       6
       5
       3
       4
       5
       9
       6
       4
       3
       1
       4
       5
       7
       6
       3
       4
       4
       4
       3
       1
       1
       6
       2
       5
       3
       5
       3
       3
       2
       4
       5
       4
       2
       8
       4
       3
       2
       2
       2
       2
       2
       3
       1
       5
       3
       7
       6
       3
       3
       2
       0
       1
       5
       2
       3
       1
       3
       2
       2
       4
       5
       4
       2
       2
       2
       3
       4
       3
       1
       2
       2
       1
       2
       1
       3
       1
       1
       0
       1
       4
       3
       4
       5
       5
       5
       3
       0
       0
       2
       1
       3
       0
       2
       1
       3
       6
       2
       3
       4
       2
       1
       3
       6
       1
       4
       2
       1
       1
       1
       3
       3
       3
       4
       3
       1
       0
       4
       3
       2
       1
       3
       4
       5
       4
       2
       2
       1
       3
       1
       1
       1
       3
       5
       2
       2
       2
       1
       2
       1
       1
       3
       3
       1
       1
       1
       2
       3
       2
       4
       2
       4
       2
       3
       3
       4
       3
       4
       4
       1
       3
       2
       1
       2
       0
       1
       2
       1
       1
       2
       4
       1
       1
       2
       2
       1
       1
       1
       2
       2
       0
       1
       1
       2
       2
       4
       0
       2
       2
       2
       2
       5
       1
       0
       2
       2
       1
       0
       0
       1
       3
       0
       2
       0
       4
       3
       0
       1
       1
       2
       0
       2
       3
       0
       1
       5
       3
       0
       1
       0
       1
       1
       1
       4
       0
       0
       0
       2
       1
       1
       0
       1
       1
       3
       2
       1
       0
       3
       1
       2
       2
       2
       1
       0
       1
       0
       0
       2
       2
       1
       2
       0
       2
       0
       0
       3
       2
       0
       0
       1
       1
       0
       3
       1
       0
       2
       3
       2
       0
       1
       4
       2
       0
       1
       2
       4
       2
       5
       1
       3
       2
       1
       2
       1
       1
       0
       3
       2
       1
       1
       2
       2
       2
       0
       0
       0
       3
       1
       2
       1
       0
       1
       1
       1
       2
       2
       4
       1
       0
       2
       4
       3
       2
       1
       2
       3
       1
       0
       1
       0
       1
       3
       0
       0
       0
       0
       1
       3
       1
       4
       0
       0
       2
       0
       1
       0
       0
       0
       1
       2
       2
       0
       2
       1
       0
       0
       0
       1
       2
       0
       0
       0
       1
       1
       1
       2
       0
       1
       1
       1
       1
       1
       0
       1
       0
       1
       0
       1
       2
       1
       0
       1
       0
       0
       0
       0
       1
       0
       0
       0
       1
       0
       0
       1
       1
       0
       1
       1
       1
       0
       1
       1
       1
       3
       0
       0
       0
       2
       0
       2
       0
       1
       1
       0
       1
       0
       1
       0
       0
       0
       0
       0
       0
       0
       0
       0
       1
       1
       0
       0
       0
       0
       0
       0
       0
       1
       0
       0
       0
       0
       2
       0
       2
       0
       0
       0
       1
       0
       1
       3
       0
       0
       0
       0
       1
       0
       1
       1
       0
       0
       0
       0
       0
       0
       0
       0
       0
       0
       0
       1
       0
       0
       0
       0
       0
       0
       0
       1
       1
       1
       0
       0
       0
       0
       0
       0
       0
       0
       1
       0
       0
       2
       0
       0
       0
       0
       0
       0
       2
       0
       0
       1
       0
       1
       0
       1
       0
       0
       1
       1
       0
       0
       0
       0
       0
       0
       1
       1
       1
       0
       0
       0
       1
       0
       1
       0
       1
       1
       2
       1
       0
       0
       0
       0
       0
       0
       1
       0
       0
       0
       0
       0
       0
       0
       1
       0
       0
       0
       0
       0
       0
       0
       0
       0
       1
       1
       0
       0
       0
       0
       0
       0
       0
       0
       0
       1
       0
       0
       0
       0
       0
       0
       0
       1
       0
       0
       0
       2
       0
       0
       1
       0
       1
       2
       0
       0
       0
       0
       0
       0
       0
       0
       1
       0
       0
       0
       0
       0
       0
       1
       1
       0
       1
       0
       0
       0
       0
       0
       0
       0
       0
       0
       0
       0
       0
       0
       0
       1
       0
       0
       0
       0
       0
       1
       0
       0
       0
       1
       0
       0
       1
       0
       1
       0
       0
       0
       0
       0
       0
       0
       0
       1
       0
       1
       0
       0
       0
       0
       1
       0
       0
       1
       0
       0
       0
       0
       0
       0
       0
       0
       0
       0
       0
       0
       0
       0
       1
       1
       1
       1
       1
       0
       0
       0
       0
       0
       0
       0
       0
       0
       1
       0
       0
       0
       0
       1
       1
       0
       0
       0
       0
       0
       1
       0
       0
       0
       0
       1
       0
       0
       0
       0
       1
       0
       0
$ROI:
0
$PRESETS:
Live Time
300
0
$ENER_FIT:
0.000000 2.163128
$MCA_CAL:
3
0.000000E+000 2.163128E+000 0.000000E+000 keV
$SHAPE_CAL:
3
3.599727E+001 0.000000E+000 0.000000E+000
