$SPEC_ID:
No sample description was entered.
$SPEC_REM:
DET# 2
DETDESC# SPACESCIENCE8 digiBASE-RH SN 15121449
AP# Maestro Version 7.01
$DATE_MEA:
09/25/2024 14:19:17
$MEAS_TIM:
204 205
$DATA:
0 1023
       0
       0
       0
       0
       0
       0
       0
       0
       0
       0
    1020
    4380
    4983
    5215
    4986
    4469
    3767
    2998
    2373
    1827
    1340
    1075
     901
     734
     717
     738
     760
     797
     851
     968
    1077
    1057
    1203
    1289
    1402
    1505
    1492
    1543
    1525
    1618
    1531
    1532
    1395
    1320
    1081
    1002
     929
     824
     721
     630
     568
     542
     464
     450
     392
     354
     349
     343
     340
     299
     317
     300
     298
     322
     338
     305
     346
     323
     314
     353
     336
     331
     305
     323
     339
     366
     354
     343
     318
     392
     360
     353
     395
     335
     313
     339
     345
     338
     281
     342
     302
     317
     336
     337
     284
     303
     284
     312
     297
     291
     298
     280
     288
     280
     275
     261
     239
     242
     253
     241
     259
     265
     245
     219
     225
     225
     222
     203
     234
     228
     227
     216
     201
     212
     210
     238
     215
     218
     229
     251
     227
     255
     228
     249
     253
     289
     311
     301
     308
     328
     346
     338
     357
     367
     349
     355
     385
     406
     328
     388
     403
     396
     407
     405
     428
     374
     405
     363
     405
     422
     429
     414
     435
     447
     468
     467
     503
     500
     552
     562
     573
     620
     629
     672
     635
     668
     699
     707
     762
     793
     752
     756
     817
     791
     741
     765
     740
     747
     692
     693
     614
     648
     629
     569
     535
     533
     465
     476
     432
     402
     384
     331
     312
     286
     258
     214
     197
     199
     199
     182
     148
     124
     122
     102
     100
      88
      90
      76
      70
      39
      65
      48
      53
      36
      33
      32
      23
      31
      33
      21
      19
      19
      18
      26
      17
      20
      20
      18
      14
       8
      15
      24
      12
       9
      12
      15
      18
      12
      17
      14
      20
      12
      16
      18
      16
      13
      14
      11
       8
      12
      19
      17
      12
      20
      11
      10
      17
       9
      11
      13
      12
       6
      14
      16
      17
      10
      13
      13
      14
      13
       7
      11
       7
      10
       8
      12
      16
       9
      21
      14
       8
      11
      10
      12
      16
      13
      13
      14
      11
      12
      11
      11
      11
      12
      11
       7
      11
      10
      10
      16
      17
      14
      11
      16
      13
      12
      14
      12
      12
      10
       8
       6
      14
      18
      17
      13
      11
      14
      12
      10
      10
       7
      12
       6
       5
       6
       9
       9
      12
      11
       8
       6
       6
       7
       8
       7
       4
       5
      10
       7
       7
       8
       7
       6
       4
       5
       8
       5
       6
       5
       8
       7
       5
       7
       3
       7
       4
       3
       4
       6
       1
       7
       8
       8
       9
       4
       8
       6
       7
       7
       5
       8
       6
       8
       5
       6
       8
       4
       5
       7
       2
       8
       8
       5
       4
       8
       7
       2
       3
       8
       4
       7
       6
       3
       5
       4
      13
       3
       4
       5
       7
       4
       3
       4
       5
       6
       5
       2
       3
       7
       2
       6
       6
       4
       7
       4
       5
       8
       4
       1
       2
       5
       5
       6
      12
       5
       4
       5
       6
       5
       5
       8
       3
       3
       4
       1
       3
       5
       4
       6
       4
       0
       1
       9
       3
       7
       7
       5
       7
       6
       5
      10
       5
       3
       4
       7
       8
       2
       5
       5
       4
       4
       3
       1
       4
       6
       3
       6
       3
       1
      11
       6
       4
       4
       4
       6
       4
       6
       2
       4
       4
       3
       3
       8
       2
       5
       2
       6
       5
       0
       5
       0
       5
       3
       3
       4
       3
       3
       4
       8
       4
       3
       4
       6
       3
       1
       5
       4
       4
       3
       7
       6
       2
       0
       5
       6
       2
       4
       2
       4
       1
       8
       3
       5
       1
       2
       2
       2
       1
       3
       1
      11
       4
       6
       0
       3
       2
       2
       1
       2
       3
       3
       3
       6
       6
       4
       4
       5
       3
       1
       7
       4
       3
       2
       5
       6
       4
       2
       2
       2
       4
       4
       5
       3
       3
       8
       6
       5
       1
       4
       3
       5
       5
       3
       2
       2
       6
       3
       2
       3
       5
       3
       3
       5
       6
       4
       4
       3
       3
       3
       4
       2
       1
       0
       1
       3
       4
       3
       1
       4
       0
       3
       3
       3
       0
       2
       3
       1
       3
       4
       4
       3
       3
       2
       6
       5
       3
       3
       2
       3
       4
       4
       2
       1
       3
       6
       5
       1
       2
       1
       3
       3
       2
       0
       4
       8
       2
       4
       2
       5
       2
       1
       2
       1
       4
       4
       2
       0
       3
       2
       3
       2
       2
       1
       0
       3
       1
       1
       2
       0
       3
       1
       1
       3
       3
       3
       2
       1
       2
       3
       1
       3
       4
       1
       1
       0
       1
       2
       2
       3
       1
       1
       1
       2
       4
       3
       1
       1
       2
       2
       2
       3
       0
       4
       2
       0
       1
       3
       2
       2
       3
       1
       3
       4
       1
       3
       5
       4
       2
       5
       4
       2
       5
       4
       1
       3
       5
       3
       3
       2
       1
       3
       1
       2
       9
       7
       5
       2
       4
       7
       4
       3
       6
       1
       5
       4
       1
       4
       6
       1
       8
       5
      10
       4
       9
       8
       6
       0
       4
       3
       6
       5
       4
       6
       6
       2
       5
       9
       6
       2
       4
       4
       6
       5
       9
       9
       5
       6
       3
       6
       3
       4
       5
       6
       8
       7
       6
       4
       5
       2
       5
       2
       4
       5
       4
       0
       1
       4
       7
       2
       3
       1
       3
       2
       3
       1
       2
       4
       4
       2
       2
       0
       1
       0
       2
       1
       1
       3
       1
       2
       3
       1
       1
       1
       0
       2
       1
       0
       1
       1
       2
       1
       0
       1
       3
       2
       1
       0
       0
       0
       0
       1
       0
       1
       0
       0
       1
       1
       0
       0
       1
       1
       0
       4
       1
       2
       0
       2
       1
       1
       0
       1
       0
       1
       0
       0
       2
       0
       1
       1
       1
       0
       1
       3
       0
       3
       1
       2
       1
       2
       0
       1
       1
       1
       0
       0
       2
       0
       4
       2
       0
       1
       0
       2
       1
       0
       0
       3
       4
       0
       1
       0
       2
       2
       1
       0
       1
       1
       1
       1
       2
       1
       1
       1
       1
       1
       3
       0
       1
       1
       2
       3
       0
       3
       1
       0
       1
       2
       2
       0
       1
       1
       0
       0
       2
       1
       2
       0
       1
       1
       1
       1
       1
       5
       1
       0
       2
       2
       2
       3
       1
       0
       3
       0
       0
       0
       3
       0
       0
       0
       2
       1
       0
       3
       4
       0
       0
       1
       1
       1
       0
       1
       0
       1
       0
       1
       0
       0
       1
       0
       0
       0
       2
       1
       0
       0
       0
       0
       1
       0
       0
       0
       0
       0
       0
       1
       0
       0
       0
       1
       0
       0
       1
       0
       0
       2
       0
       0
       0
       0
       0
       0
       1
       0
       0
       0
       0
       0
       0
       0
       0
       0
       0
       0
$ROI:
3
6 55
212 320
787 895
$PRESETS:
None
0
0
$ENER_FIT:
0.000000 2.204597
$MCA_CAL:
3
0.000000E+000 2.204597E+000 0.000000E+000 keV
$SHAPE_CAL:
3
1.191474E+001 0.000000E+000 0.000000E+000
