$SPEC_ID:
No sample description was entered.
$SPEC_REM:
DET# 2
DETDESC# SPACESCIENCE8 digiBASE-RH SN 15121449
AP# Maestro Version 7.01
$DATE_MEA:
09/25/2024 14:23:43
$MEAS_TIM:
199 200
$DATA:
0 1023
       0
       0
       0
       0
       0
       0
       0
       0
       0
       0
    1147
    4540
    5402
    5567
    5249
    4639
    3957
    3110
    2392
    1863
    1448
    1143
     922
     803
     795
     748
     818
     884
     935
    1020
    1082
    1213
    1329
    1365
    1461
    1527
    1583
    1665
    1720
    1665
    1549
    1551
    1384
    1267
    1159
     986
     910
     785
     663
     616
     546
     516
     455
     417
     367
     351
     348
     345
     336
     319
     347
     332
     356
     333
     382
     335
     343
     364
     366
     361
     362
     362
     330
     372
     356
     389
     392
     412
     410
     406
     370
     400
     374
     387
     350
     378
     406
     369
     394
     400
     369
     371
     353
     360
     359
     338
     344
     354
     330
     324
     320
     319
     286
     307
     270
     263
     293
     290
     268
     268
     275
     260
     289
     230
     239
     238
     248
     237
     235
     216
     230
     239
     229
     238
     214
     235
     231
     248
     236
     285
     237
     299
     277
     317
     321
     306
     322
     349
     343
     374
     374
     395
     382
     413
     387
     486
     385
     432
     455
     413
     430
     470
     459
     457
     495
     492
     480
     474
     496
     444
     518
     515
     493
     547
     525
     546
     575
     585
     570
     672
     656
     721
     749
     746
     800
     771
     786
     773
     812
     906
     899
     867
     885
     830
     817
     906
     802
     826
     730
     757
     746
     673
     643
     666
     590
     574
     498
     473
     470
     393
     385
     347
     343
     307
     264
     276
     204
     205
     181
     190
     142
     131
     105
     119
     104
      87
      92
      74
      64
      59
      53
      42
      46
      44
      53
      44
      36
      34
      33
      29
      19
      19
      19
      20
      21
      30
      22
      11
      21
      20
      16
      12
      17
      17
      17
      16
      11
      16
      13
      10
      15
      20
      14
      17
      14
      11
      10
      15
      11
       8
       6
      18
      13
      12
      10
      15
      13
      17
      22
       9
      13
      15
      11
       7
       9
      10
      10
      11
       9
       9
      11
      16
      19
       8
       9
      13
      14
      11
      12
       7
       7
       8
      15
      10
       8
       7
      14
       9
      14
      17
      12
      12
      12
       9
      15
      12
      10
      12
      16
      13
       9
      10
      12
      14
      19
      12
      14
      14
       8
      10
      12
      11
      16
      11
      10
      10
      14
       5
      13
      11
      10
      15
      10
      15
       7
       6
      16
       9
       7
       5
       4
      14
      11
       9
       6
       8
       9
       3
       7
      10
       5
       7
       6
      10
      11
       7
      10
       5
       5
      12
       4
       4
       9
       5
       7
       9
       6
       4
       8
       4
       8
      10
       4
       5
       6
       8
       6
       7
       6
      10
      11
       3
       8
       3
       3
       6
       5
       8
       4
      10
       4
       5
       3
       5
       3
       8
       5
       5
       6
       6
       7
      11
       8
       9
       7
       7
       3
       4
       6
       5
       8
       4
       4
       8
       8
       5
       8
       6
       7
       6
       6
       7
       9
       1
       2
       2
       5
       3
       4
       4
       4
       2
       4
       5
       9
       3
       7
       4
       4
       6
       6
       3
       8
       4
       6
       4
       3
      11
       7
       5
       6
       4
       1
       4
       7
       1
       7
       4
       4
       5
       8
       8
       3
       8
       5
       8
       5
       4
       6
       1
       2
       9
      11
       3
       3
       6
       6
       6
       2
       6
      11
       3
       3
       4
       6
       3
       4
       1
       7
       9
       7
       4
       2
       7
       5
       7
       9
       3
       6
       3
       4
       3
       3
       6
       2
       3
       9
       7
       5
       7
       6
       5
       7
       4
       4
       3
       5
       3
       5
       3
       4
       6
       3
       7
       6
       5
       3
       6
       3
       7
       4
       2
       4
       2
       2
       2
       5
       2
       4
       4
       3
       2
       3
       4
       5
       5
       5
       5
       3
       3
       3
       2
       4
       2
       4
       3
       2
       2
       5
       1
       1
       3
       4
       3
       8
       4
       4
       5
       5
       2
       1
       2
       2
       4
       4
       6
       2
       3
       1
       3
       2
       5
       2
       6
       8
       2
       4
       4
       0
       5
      10
       1
       5
       1
       4
       3
       4
       2
       4
       4
       4
       4
       3
       3
       0
       3
       5
       5
       3
       2
       5
       1
       4
       5
       2
       2
       3
       2
       1
       2
       5
       5
       4
       2
       1
       3
       1
       2
       1
       2
       1
       2
       1
       1
       2
       3
       0
       4
       2
       4
       2
       1
       3
       1
       2
       2
       3
       4
       1
       7
       3
       4
       2
       2
       3
       3
       3
       1
       2
       4
       1
       2
       1
       1
       4
       2
       3
       1
       3
       3
       1
       2
       2
       4
       1
       1
       1
       3
       4
       1
       1
       3
       2
       3
       3
       3
       2
       4
       0
       1
       1
       2
       3
       4
       1
       4
       0
       2
       1
       1
       3
       4
       2
       2
       5
       2
       5
       6
       5
       3
       4
       4
       2
       2
       3
       2
       7
       5
       2
       1
       3
       3
       3
       2
       5
       6
       3
       3
       3
       3
       2
       5
       4
       5
       5
       2
       8
       6
      10
       6
       5
       7
       5
       8
       9
       3
       4
       7
       6
       4
       8
       3
       8
       3
       4
       3
       7
       8
       4
      11
       4
       2
       8
       4
       7
       3
       7
       4
       3
       4
       7
       6
       8
       4
       5
       7
       3
       4
       5
       5
       4
       2
       7
       2
       2
       7
       8
       7
       8
       4
       4
       2
       6
       4
       3
       4
       5
       3
       3
       1
       3
       2
       4
       0
       1
       1
       1
       2
       2
       1
       3
       0
       2
       0
       1
       2
       1
       0
       0
       1
       1
       1
       1
       0
       3
       0
       1
       3
       2
       2
       1
       1
       1
       0
       1
       3
       2
       4
       1
       2
       2
       2
       1
       0
       2
       0
       1
       0
       3
       0
       0
       0
       0
       1
       0
       0
       1
       1
       0
       0
       0
       0
       1
       1
       2
       0
       3
       1
       1
       2
       1
       0
       0
       0
       1
       1
       1
       0
       1
       0
       1
       0
       0
       1
       0
       2
       0
       1
       1
       1
       1
       1
       0
       0
       0
       1
       1
       1
       0
       0
       1
       0
       0
       0
       2
       1
       2
       0
       0
       3
       3
       0
       1
       1
       1
       0
       0
       1
       2
       2
       2
       1
       0
       0
       1
       3
       2
       0
       3
       1
       0
       3
       2
       3
       4
       0
       2
       0
       0
       2
       2
       3
       3
       1
       0
       0
       1
       0
       1
       0
       0
       0
       1
       0
       1
       0
       0
       3
       1
       2
       3
       1
       0
       3
       2
       1
       1
       1
       0
       1
       1
       2
       1
       1
       2
       0
       0
       1
       1
       0
       0
       0
       2
       0
       0
       0
       0
       1
       2
       2
       1
       0
       0
       1
       0
       0
       1
       0
       0
       0
       2
       1
       0
       0
       1
       0
       0
       0
       0
       0
       1
       0
       0
       0
       1
       0
       1
       1
       0
       1
       0
       0
       0
       0
$ROI:
3
6 55
212 320
787 895
$PRESETS:
None
0
0
$ENER_FIT:
0.000000 2.204597
$MCA_CAL:
3
0.000000E+000 2.204597E+000 0.000000E+000 keV
$SHAPE_CAL:
3
1.191474E+001 0.000000E+000 0.000000E+000
