$SPEC_ID:
No sample description was entered.
$SPEC_REM:
DET# 1
DETDESC# SPACESCIENCE4 digiBASE-RH SN 15121435
AP# Maestro Version 7.01
$DATE_MEA:
09/23/2024 16:53:40
$MEAS_TIM:
200 200
$DATA:
0 1023
       0
       0
       0
       0
       0
     118
     388
     255
     227
     330
     522
     833
    1175
    1486
    1583
    1481
    1271
     978
     723
     487
     370
     280
     274
     269
     321
     304
     328
     370
     408
     419
     475
     500
     581
     600
     643
     733
     727
     741
     698
     614
     637
     586
     507
     450
     382
     343
     358
     329
     290
     315
     288
     306
     293
     277
     284
     282
     270
     275
     256
     283
     290
     278
     261
     281
     290
     312
     251
     273
     297
     301
     292
     287
     265
     284
     242
     282
     269
     281
     271
     240
     269
     250
     250
     206
     197
     218
     202
     212
     214
     166
     206
     188
     215
     184
     176
     182
     156
     173
     174
     167
     162
     150
     144
     130
     138
     131
     118
     146
     128
     126
     155
     139
     149
     145
     141
     147
     154
     149
     164
     189
     157
     164
     163
     173
     175
     169
     176
     176
     180
     170
     172
     156
     190
     180
     174
     185
     187
     174
     185
     162
     194
     182
     175
     203
     180
     211
     223
     213
     206
     202
     208
     223
     241
     228
     229
     254
     225
     234
     242
     234
     201
     227
     204
     213
     201
     185
     171
     175
     155
     119
     142
     116
     110
      86
      87
      70
      69
      69
      61
      57
      54
      53
      41
      37
      42
      36
      26
      32
      23
      28
      30
      25
      19
      21
      16
      19
      26
      26
      15
      13
      13
      12
       9
      15
      19
      14
      19
       7
      11
      15
      11
       9
      10
      17
      10
      12
       7
      10
      14
       8
      18
       7
       9
       8
      13
       8
       7
       8
      17
       8
       5
      10
       7
      11
      13
       6
       4
       6
       7
      10
      10
      12
      10
       4
       7
      10
      10
      10
       5
      11
       9
       8
       5
       9
       7
       5
      10
       4
      12
      12
       5
      10
       9
      11
       2
      12
       6
       8
       6
       7
       5
       4
       4
       8
       8
       8
       4
       5
       9
       9
       6
       5
       8
       6
       5
       5
       8
       2
       8
       5
       6
       7
       2
       9
       3
       2
       6
      10
       5
       6
       4
       3
       7
       3
       9
       4
       6
       6
       6
       4
       5
       6
       5
       7
       4
       5
       2
       3
       3
       4
       5
       5
       3
       3
       8
       5
       2
       2
       3
       5
       3
       9
       5
       6
       4
       2
       2
       5
       3
       2
       8
      10
       2
       2
       2
       5
       1
       5
       3
       5
       4
       3
       4
       4
       3
       0
       2
       2
       5
       5
       2
       1
       3
       6
       4
       3
       5
       7
       4
       2
       0
       1
       3
       4
       4
       5
       7
       6
       2
       2
       1
       4
       3
       3
       1
       4
       2
       3
       6
       1
       4
       1
       3
       1
       1
       9
       1
       8
       5
       2
       4
       5
       2
       3
       1
       5
       2
       1
       2
       6
       4
       3
       4
       5
       2
       2
       1
       2
       5
       3
       1
       3
       1
       4
       4
       3
       3
       2
       2
       3
       6
       1
       1
       3
       2
       3
       3
       1
       3
       1
       2
       1
       5
       1
       1
       1
       2
       1
       1
       4
       2
       5
       5
       4
       2
       2
       4
       3
       1
       2
       3
       1
       2
       4
       1
       5
       2
       2
       0
       1
       4
       1
       3
       1
       1
       1
       4
       0
       0
       4
       3
       2
       2
       0
       2
       2
       1
       3
       1
       0
       2
       3
       2
       4
       3
       4
       1
       2
       2
       5
       2
       4
       4
       2
       2
       2
       2
       0
       2
       2
       1
       1
       2
       1
       3
       3
       1
       3
       2
       2
       2
       2
       2
       1
       3
       4
       1
       2
       1
       3
       0
       1
       5
       1
       1
       2
       2
       2
       1
       5
       2
       2
       3
       0
       2
       2
       3
       1
       1
       1
       1
       2
       1
       3
       2
       1
       3
       0
       1
       0
       1
       1
       2
       0
       3
       0
       1
       2
       1
       1
       1
       1
       0
       0
       2
       1
       1
       1
       2
       3
       1
       2
       1
       1
       2
       1
       0
       1
       0
       3
       0
       2
       3
       0
       4
       5
       3
       0
       1
       3
       3
       3
       3
       4
       2
       0
       2
       2
       0
       3
       2
       0
       1
       0
       3
       2
       2
       5
       2
       0
       3
       0
       3
       3
       0
       2
       2
       0
       2
       0
       2
       0
       0
       3
       1
       2
       1
       1
       2
       0
       2
       3
       1
       0
       0
       0
       2
       2
       0
       2
       1
       0
       0
       0
       2
       0
       2
       0
       0
       1
       0
       0
       0
       1
       2
       2
       1
       1
       1
       0
       2
       0
       0
       0
       0
       1
       1
       0
       2
       1
       2
       0
       0
       1
       0
       2
       1
       0
       4
       0
       0
       1
       1
       1
       0
       2
       1
       0
       2
       1
       0
       0
       2
       2
       0
       0
       0
       1
       0
       0
       0
       0
       1
       1
       1
       0
       0
       0
       1
       0
       0
       0
       0
       1
       0
       0
       0
       1
       1
       0
       0
       1
       1
       0
       1
       0
       0
       0
       1
       0
       0
       0
       0
       1
       2
       1
       0
       0
       1
       1
       1
       0
       1
       0
       0
       0
       1
       0
       1
       0
       0
       0
       0
       2
       0
       0
       2
       0
       1
       0
       0
       0
       0
       0
       0
       1
       0
       0
       0
       0
       1
       1
       0
       0
       1
       0
       1
       0
       0
       0
       0
       1
       0
       0
       0
       0
       0
       1
       1
       0
       0
       0
       1
       0
       0
       1
       1
       0
       0
       0
       0
       0
       0
       0
       0
       2
       0
       0
       0
       0
       0
       0
       1
       0
       0
       0
       1
       0
       0
       1
       1
       0
       0
       1
       0
       1
       0
       2
       1
       2
       1
       0
       1
       1
       0
       1
       0
       1
       1
       1
       0
       0
       0
       0
       0
       1
       0
       0
       0
       0
       0
       0
       0
       0
       0
       0
       0
       1
       0
       0
       3
       0
       0
       0
       0
       0
       0
       1
       0
       1
       0
       0
       0
       1
       0
       0
       1
       0
       0
       0
       0
       0
       1
       0
       0
       0
       0
       0
       0
       0
       0
       0
       0
       0
       0
       1
       0
       0
       0
       0
       0
       0
       1
       0
       0
       1
       0
       0
       0
       0
       0
       0
       0
       0
       0
       0
       0
       0
       1
       1
       0
       0
       0
       0
       0
       0
       0
       0
       0
       0
       0
       0
       0
       0
       0
       0
       0
       0
       0
       0
       0
       0
       0
       0
       0
       0
       1
       0
       1
       0
       0
       1
       0
       0
       0
       0
       1
       0
       0
       1
       0
       0
       0
       0
       0
       0
       0
       0
       1
       0
       0
       0
       0
       0
       0
       0
       0
       0
       0
       0
       0
       0
       2
       0
       0
       1
       0
       0
       0
       0
       0
       0
       0
       0
       1
       0
       1
       0
       0
       0
       1
       0
       0
       0
       0
       0
       0
       0
       0
       1
       0
       1
       0
       0
$ROI:
0
$PRESETS:
Live Time
300
0
$ENER_FIT:
0.000000 2.163128
$MCA_CAL:
3
0.000000E+000 2.163128E+000 0.000000E+000 keV
$SHAPE_CAL:
3
3.599727E+001 0.000000E+000 0.000000E+000
