$SPEC_ID:
No sample description was entered.
$SPEC_REM:
DET# 2
DETDESC# SPACESCIENCE8 digiBASE-RH SN 15121449
AP# Maestro Version 7.01
$DATE_MEA:
09/25/2024 14:14:44
$MEAS_TIM:
199 200
$DATA:
0 1023
       0
       0
       0
       0
       0
       0
       0
       0
       0
       0
     817
    3410
    4218
    4395
    4206
    3926
    3329
    2601
    2107
    1627
    1223
     956
     774
     694
     632
     662
     648
     689
     756
     746
     826
     878
     994
    1098
    1094
    1158
    1243
    1227
    1319
    1246
    1184
    1199
    1079
    1107
     949
     823
     806
     620
     568
     548
     476
     406
     391
     367
     334
     310
     301
     272
     305
     277
     278
     260
     266
     248
     265
     288
     279
     265
     269
     309
     298
     319
     312
     301
     296
     307
     331
     304
     273
     268
     305
     276
     284
     284
     305
     288
     282
     269
     282
     274
     306
     281
     292
     279
     251
     269
     253
     250
     239
     233
     284
     223
     255
     245
     231
     210
     238
     216
     204
     211
     223
     194
     186
     227
     194
     172
     193
     196
     193
     186
     188
     188
     164
     173
     200
     177
     199
     172
     190
     201
     193
     189
     208
     176
     213
     232
     221
     260
     226
     253
     269
     267
     263
     252
     316
     312
     311
     282
     280
     310
     330
     293
     299
     304
     309
     282
     319
     301
     352
     346
     364
     321
     326
     333
     354
     347
     370
     356
     386
     380
     418
     386
     502
     504
     498
     462
     550
     529
     535
     576
     563
     609
     564
     580
     581
     556
     593
     565
     563
     533
     523
     503
     484
     456
     446
     422
     394
     359
     342
     303
     300
     262
     230
     256
     229
     182
     174
     187
     164
     126
     134
     101
      94
      92
      83
      80
      60
      58
      63
      46
      45
      39
      42
      34
      34
      25
      23
      23
      30
      16
      28
      12
      16
      12
      25
      12
      14
      19
      15
      20
      20
      19
      14
       8
      23
      18
      20
      16
      19
      11
      19
      16
       9
      18
      12
      10
       5
      14
      12
      11
      14
      16
      12
       8
      12
      14
      11
      15
      14
      11
      12
      16
      11
      15
      10
      14
       9
      12
      10
       7
      20
      13
       9
       6
      18
       7
      12
      20
       9
      16
      15
      15
      13
      15
      11
      12
      10
      10
       5
      11
      16
       7
       8
      17
      12
       5
      12
       9
      11
      14
      15
      10
       9
       7
      15
       7
      11
       7
       7
      10
      11
      19
       8
      19
       8
      14
       8
      10
       8
       9
       3
       9
      10
      11
       4
       3
       6
      12
       6
      10
       6
       7
       4
      10
       8
       9
       5
       6
       9
      10
       6
       5
       8
      12
       3
       9
       7
       8
       5
      10
       7
       5
       9
       5
       5
      10
       4
       6
       5
       9
       4
       4
       8
       4
       3
       8
       9
      11
       1
       6
       2
       8
       8
       5
       5
       2
       8
       6
       7
       5
       9
       6
      11
       8
       8
      11
       7
       1
       3
       7
       4
       6
       6
       6
       5
       4
       2
       6
       5
       3
       5
       4
       5
       3
       6
       7
       5
       3
       4
       1
       9
       7
       3
       3
       8
       5
       8
       7
       6
       2
       6
       4
       5
       4
       5
       5
       7
       2
       5
       1
       5
       4
       5
       2
       4
       9
       4
       2
       3
       2
       6
       4
       6
       3
       5
       3
       3
       4
       7
       5
       6
       6
       3
       4
       4
       6
       7
       5
       5
       6
       2
      11
       6
       3
       7
       5
       1
       2
       6
       3
       3
       3
       7
       4
       6
       5
       3
      11
       3
       7
       3
       5
      12
       4
       2
       4
       5
       4
       5
       4
       5
       6
       5
       6
       5
       3
       4
       6
       3
       3
       6
       5
       4
       4
       2
       4
       8
       5
       0
       6
       1
       3
       3
       2
       5
       5
       2
       5
       5
       5
       1
       0
       0
       5
       5
       3
       3
       9
       3
       3
       5
       2
       4
       1
       7
       3
       1
       7
       1
       0
       3
       4
       1
       4
       3
       2
       4
       5
       2
       4
       1
       2
       3
       5
       2
       5
       2
       4
       4
       3
       4
       2
       7
       5
       3
       5
       2
       3
       2
       2
       3
       4
       2
       8
       2
       1
       4
       9
       3
       2
       4
       5
       4
       5
       9
       2
       4
       2
       3
       3
       3
       3
       2
       2
       2
       4
       4
       1
       5
       5
       1
       5
       4
       1
       4
       3
       1
       1
       2
       1
       1
       7
       1
       1
       1
       3
       2
       2
       1
       5
       3
       1
       4
       3
       3
       2
       2
       1
       3
       3
       3
       3
       1
       2
       3
       1
       1
       4
       1
       3
       2
       2
       2
       3
       3
       2
       2
       2
       3
       2
       1
       1
       1
       3
       3
       1
       0
       4
       1
       0
       3
       5
       3
       1
       1
       3
       2
       3
       1
       2
       2
       1
       1
       0
       0
       0
       2
       2
       0
       2
       3
       1
       1
       2
       1
       3
       3
       2
       0
       2
       3
       0
       4
       0
       2
       2
       5
       3
       3
       4
       3
       2
       1
       3
       1
       3
       3
       4
       3
       2
       3
       3
       2
       3
       2
       6
       1
       5
       2
       0
       7
       4
       2
       2
       6
       4
       4
       1
       2
       7
       5
       7
       3
       3
       5
       4
       4
      11
       2
       8
       4
       5
      11
       5
       6
       8
       4
       4
       7
       4
       3
       3
       5
      11
       5
       6
       6
       4
       8
       3
       3
      11
       3
       3
       9
       6
       6
       8
       7
       5
       7
       6
       5
       7
       3
       5
       3
       4
       5
       1
       1
       4
       2
       4
       2
       5
       2
       6
       1
       2
       4
       1
       3
       8
       0
       1
       3
       2
       3
       5
       5
       1
       1
       3
       0
       2
       0
       2
       0
       3
       2
       1
       1
       0
       1
       2
       2
       1
       0
       0
       1
       0
       0
       1
       3
       0
       2
       0
       1
       2
       2
       0
       1
       3
       1
       0
       1
       1
       0
       0
       0
       2
       1
       2
       0
       0
       1
       0
       0
       2
       0
       0
       1
       1
       0
       0
       0
       1
       0
       0
       1
       0
       1
       0
       0
       1
       2
       0
       1
       0
       2
       0
       0
       2
       1
       2
       1
       1
       2
       2
       0
       0
       1
       1
       1
       0
       0
       0
       1
       2
       1
       0
       3
       0
       2
       0
       0
       3
       1
       1
       0
       0
       0
       0
       1
       2
       1
       0
       1
       2
       2
       2
       1
       2
       2
       1
       0
       2
       1
       2
       1
       1
       1
       2
       5
       1
       1
       1
       1
       1
       1
       0
       3
       0
       1
       0
       2
       4
       2
       0
       1
       0
       1
       2
       0
       2
       1
       2
       1
       1
       1
       0
       2
       0
       1
       0
       2
       1
       0
       0
       0
       2
       0
       0
       0
       0
       1
       0
       0
       2
       1
       1
       0
       0
       2
       0
       1
       0
       1
       0
       1
       0
       1
       0
       0
       0
       0
       0
       1
       0
       0
       0
       1
       2
       0
       0
       0
       0
       0
       0
       2
       0
       0
       0
       0
       0
       0
       0
       1
       1
       0
       0
       0
       0
$ROI:
3
6 55
212 320
787 895
$PRESETS:
None
0
0
$ENER_FIT:
0.000000 2.204597
$MCA_CAL:
3
0.000000E+000 2.204597E+000 0.000000E+000 keV
$SHAPE_CAL:
3
1.191474E+001 0.000000E+000 0.000000E+000
