$SPEC_ID:
No sample description was entered.
$SPEC_REM:
DET# 2
DETDESC# SPACESCIENCE8 digiBASE-RH SN 15121449
AP# Maestro Version 7.01
$DATE_MEA:
09/25/2024 15:31:01
$MEAS_TIM:
198 200
$DATA:
0 1023
       0
       0
       0
       0
       0
       0
       0
       0
       0
       0
     591
    2250
    2758
    2869
    2807
    2698
    2311
    2022
    1660
    1427
    1126
     891
     783
     724
     692
     642
     638
     628
     666
     661
     712
     679
     688
     690
     742
     742
     765
     810
     742
     765
     810
     763
     821
     845
     842
     815
     786
     770
     785
     785
     843
     847
     770
     840
     801
     794
     817
     874
     832
     829
     802
     857
     849
     824
     872
     872
     778
     823
     812
     826
     820
     848
     874
     857
     848
     853
     808
     841
     838
     828
     882
     844
     864
     939
     891
     904
     889
     911
     954
     960
     946
     987
     976
    1001
     939
    1016
    1017
    1070
     987
     971
    1020
    1002
    1020
    1009
    1014
    1014
    1016
     930
    1037
     963
     956
     956
     986
     964
     958
     970
     943
     900
     963
     964
     915
     904
     910
     881
     889
     889
     853
     814
     791
     793
     839
     843
     815
     798
     749
     750
     756
     794
     814
     727
     792
     720
     714
     695
     735
     734
     675
     695
     672
     597
     666
     620
     662
     606
     658
     571
     602
     595
     625
     607
     574
     582
     522
     589
     548
     569
     576
     560
     540
     553
     528
     486
     505
     492
     502
     521
     473
     480
     466
     473
     473
     452
     451
     412
     403
     438
     490
     454
     433
     439
     437
     369
     432
     396
     435
     382
     394
     354
     375
     392
     406
     352
     372
     356
     363
     349
     360
     315
     363
     335
     329
     339
     310
     320
     327
     362
     303
     282
     353
     328
     290
     286
     298
     289
     320
     298
     322
     278
     304
     264
     271
     269
     274
     259
     250
     284
     210
     222
     253
     219
     226
     233
     223
     216
     203
     199
     198
     199
     173
     175
     154
     159
     155
     159
     161
     144
     156
     141
     143
     128
     136
     134
     105
     128
     118
     119
     112
     112
     128
     113
     123
     108
     122
     135
     121
     119
     134
     113
     119
     146
     131
     125
     149
     145
     158
     177
     157
     197
     215
     228
     236
     239
     257
     311
     317
     330
     314
     423
     444
     440
     493
     569
     618
     689
     742
     764
     834
     946
    1111
    1093
    1266
    1330
    1453
    1569
    1760
    1870
    1968
    2095
    2223
    2440
    2500
    2615
    2821
    2992
    3096
    3217
    3303
    3467
    3603
    3592
    3820
    3688
    4059
    4046
    4045
    4108
    4203
    4233
    4110
    4085
    4096
    4051
    4084
    3889
    3934
    3736
    3660
    3525
    3480
    3327
    3187
    3135
    2909
    2709
    2611
    2483
    2369
    2259
    2086
    1889
    1801
    1683
    1558
    1428
    1339
    1267
    1021
     996
     897
     790
     702
     683
     572
     536
     491
     428
     404
     329
     304
     262
     249
     212
     178
     173
     128
     104
      81
     104
      69
      69
      50
      42
      43
      48
      29
      36
      22
      30
      27
      15
      17
      16
      11
      16
       8
       8
       9
      16
      18
       7
      12
      10
      17
       6
      16
       9
       4
       9
       8
      12
       8
       6
       6
      13
       9
       9
      15
       9
       8
       5
       7
       9
       6
       7
       7
       8
      10
       5
       7
      10
       9
      15
       8
       8
       9
       7
       8
       6
      11
       4
       5
      12
       8
       9
       9
      11
       6
       5
       8
       5
      10
      12
       7
       7
       9
       8
       6
      12
       8
       4
       3
       6
       8
      11
       8
       5
       7
       8
       5
       9
      11
      15
       4
       6
       9
       6
      10
       9
       7
       5
       6
       7
       5
      10
       4
       9
       7
       4
       6
       3
       8
       3
       1
      10
       5
       3
       6
       5
       5
       5
       3
       4
       5
       7
       9
       7
       4
       4
       2
       5
       6
       3
       3
       4
       7
       6
       5
       0
       4
       8
       3
       5
       7
       3
      11
       2
       4
       7
       2
       2
       6
       5
       3
       2
       4
       5
       6
       2
       5
       0
       4
       6
       6
       6
       3
       4
       4
       4
       3
       8
       2
       3
       5
       5
       5
       4
       5
       3
       0
       3
       1
       3
       7
       7
      10
       8
       5
       5
       3
       3
       8
       0
       5
       3
       9
      10
       3
       3
       2
       2
       6
       6
       6
       5
       3
       5
       8
      10
       8
       3
       7
       1
       2
       5
       5
       7
       3
       2
       6
       3
       5
       6
       6
       3
       2
       4
       3
       5
       4
       4
       2
       2
       2
       7
       3
       5
       5
       6
       1
       3
       6
       2
       4
       4
       5
       2
       5
       6
       3
       4
       3
       3
       5
       3
       1
       8
       6
       3
       4
       7
       6
       1
       4
       3
       2
       6
       3
       3
       6
       8
       4
       4
       6
       3
       7
       6
       2
       7
      12
       7
       4
       5
       7
       2
       1
       3
       5
       4
       6
       5
       5
       5
       7
       4
       5
       6
       5
       2
       1
       3
       3
       5
       6
       2
       2
       7
       3
       2
       3
       5
       5
       8
       5
       5
       2
       3
       8
       2
       2
       1
       4
       1
       7
       1
       2
       3
       2
       5
       3
       1
       2
       1
       5
       7
       4
       5
       2
       3
      12
       6
       4
      12
       5
       5
       5
       6
       9
      12
       3
      10
       3
       3
       4
       6
       9
       8
       4
       9
       6
       4
       8
      11
       5
       9
       5
       6
       3
       3
       8
       4
       8
       3
       2
       5
       5
       4
       6
       2
       6
       3
       6
       2
       7
       5
       2
       1
       2
       4
       3
       4
       2
       2
       4
       2
       3
       4
       3
       1
       3
       1
       4
       4
       4
       4
       4
       2
       3
       1
       0
       1
       3
       1
       2
       2
       0
       3
       2
       1
       2
       2
       1
       1
       2
       0
       3
       0
       2
       2
       2
       1
       3
       0
       1
       2
       0
       1
       0
       1
       2
       3
       3
       1
       0
       0
       1
       0
       1
       1
       2
       1
       4
       2
       0
       2
       0
       1
       0
       1
       0
       1
       3
       0
       2
       0
       0
       1
       3
       2
       1
       2
       1
       1
       0
       2
       0
       2
       3
       1
       0
       1
       2
       1
       1
       0
       3
       0
       1
       1
       2
       0
       0
       3
       0
       0
       3
       0
       2
       2
       4
       1
       0
       2
       1
       4
       3
       1
       0
       2
       3
       0
       0
       2
       1
       1
       2
       3
       2
       4
       0
       1
       1
       3
       1
       2
       2
       1
       2
       0
       0
       1
       0
       1
       0
       0
       2
       1
       1
       1
       2
       1
       2
       2
       1
       2
       0
       2
       1
       0
       0
       1
       1
       0
       0
       1
       0
       3
       0
       3
       1
       0
       0
       1
       1
       1
       0
       1
       1
       1
       0
       0
       0
       1
       0
       0
       0
       1
       1
       0
       0
       0
       1
       0
       0
       0
       0
       0
       0
       0
       0
       0
       0
       0
       1
       0
       0
       1
       1
       0
       0
       1
       0
       0
       0
       0
       0
       0
       1
       0
       0
       0
       0
       0
       1
       0
       0
       0
       0
       1
       0
       0
       1
       0
       1
       0
       0
       0
       1
       1
       0
       0
       0
       1
       1
       0
$ROI:
3
6 55
212 320
787 895
$PRESETS:
None
0
0
$ENER_FIT:
0.000000 2.204597
$MCA_CAL:
3
0.000000E+000 2.204597E+000 0.000000E+000 keV
$SHAPE_CAL:
3
1.191474E+001 0.000000E+000 0.000000E+000
