$SPEC_ID:
No sample description was entered.
$SPEC_REM:
DET# 2
DETDESC# SPACESCIENCE8 digiBASE-RH SN 15121449
AP# Maestro Version 7.01
$DATE_MEA:
09/25/2024 15:20:06
$MEAS_TIM:
198 200
$DATA:
0 1023
       0
       0
       0
       0
       0
       0
       0
       0
       0
       0
     447
    1760
    2096
    2212
    2163
    2109
    1850
    1597
    1376
    1125
     918
     755
     689
     586
     571
     502
     522
     497
     504
     526
     569
     579
     557
     595
     638
     568
     602
     650
     681
     684
     647
     664
     742
     661
     707
     674
     652
     711
     660
     603
     613
     681
     635
     633
     651
     660
     618
     654
     664
     705
     645
     666
     705
     680
     686
     685
     657
     682
     686
     675
     645
     682
     632
     661
     672
     668
     674
     657
     652
     689
     729
     686
     684
     675
     742
     775
     744
     744
     737
     791
     772
     740
     695
     794
     773
     776
     853
     809
     762
     799
     849
     768
     771
     807
     834
     752
     792
     731
     791
     743
     754
     736
     707
     758
     702
     769
     699
     696
     701
     664
     670
     680
     706
     651
     689
     707
     637
     621
     674
     624
     586
     620
     624
     632
     617
     634
     563
     585
     545
     539
     594
     549
     523
     532
     529
     512
     523
     492
     549
     469
     506
     500
     479
     467
     457
     470
     450
     432
     450
     478
     425
     422
     426
     431
     409
     402
     413
     387
     427
     423
     392
     385
     376
     391
     388
     364
     410
     356
     377
     380
     356
     370
     330
     328
     341
     357
     340
     334
     342
     308
     278
     306
     308
     310
     317
     321
     323
     328
     310
     307
     268
     309
     316
     295
     271
     280
     298
     279
     265
     280
     235
     257
     298
     228
     265
     297
     275
     243
     270
     244
     251
     216
     260
     230
     251
     248
     202
     244
     230
     213
     219
     178
     210
     200
     213
     192
     214
     202
     185
     203
     190
     188
     180
     163
     165
     151
     133
     145
     128
     139
     147
     142
     143
     139
     146
     141
     133
     111
     130
     121
      98
     109
     123
      99
     102
     102
     105
     117
      98
      85
      88
      87
      91
      79
      91
      88
      81
      78
      87
      97
      84
      82
      94
     103
      95
     101
     100
     123
     105
     118
     120
     125
     158
     143
     193
     170
     221
     211
     234
     284
     276
     307
     328
     372
     419
     473
     474
     528
     562
     642
     737
     791
     860
     919
    1022
    1087
    1126
    1280
    1410
    1534
    1641
    1708
    1823
    1923
    2046
    2220
    2274
    2287
    2420
    2528
    2562
    2618
    2719
    2712
    2895
    2813
    3005
    2940
    2990
    2962
    3144
    2897
    2977
    2972
    2929
    2858
    2829
    2681
    2668
    2654
    2533
    2423
    2325
    2209
    2143
    2030
    1809
    1868
    1655
    1538
    1558
    1384
    1278
    1189
    1097
    1033
     936
     879
     801
     689
     625
     604
     483
     454
     422
     376
     332
     308
     266
     240
     203
     185
     151
     150
     115
     111
      95
      86
      52
      55
      74
      47
      43
      34
      24
      31
      21
      28
      26
      26
      19
      16
      10
      12
       7
       8
       9
       9
      13
      10
       9
       7
       6
       4
      15
       6
       9
       6
       7
       6
       5
       5
       8
       3
       5
       3
       4
       4
       9
       7
       6
      10
       7
       5
       3
       5
       3
       5
       6
       6
       7
       4
       6
       4
       8
       9
       5
       6
       6
       8
       7
      11
       5
       5
       9
      11
      11
       5
       5
       5
       4
       9
       5
       6
       4
       8
       6
       5
       6
       6
       6
      10
       4
       6
      10
       7
       9
       5
       7
       4
       1
       5
       7
       5
       4
      13
       1
      11
       6
       9
       6
       5
       7
       2
       4
       5
       7
       3
       6
       6
       4
       2
       8
       7
       4
       2
       8
       1
       6
       6
       5
       6
       3
       2
       2
       3
       4
       2
       3
       6
       4
       8
       3
       6
       7
       4
       0
       2
       4
       2
       0
       5
       4
       2
       3
       3
       1
       5
       5
       4
       1
       5
       6
       1
       6
       1
       6
       4
       7
       4
       5
       2
       8
       6
       5
       1
       5
       4
       5
       5
       3
       2
       6
       7
       6
       3
       2
       3
       6
       4
       6
       2
       3
       1
       4
       2
       5
       4
       8
       2
       4
       3
       9
       6
       2
       2
       4
       1
       9
       7
       5
       3
       3
       4
       1
       5
       7
       4
       3
       3
       5
       6
       7
       0
       3
       1
       0
       6
       6
       2
       3
       3
       3
       5
       7
       4
       5
       1
       4
       3
       2
       5
       6
       2
       4
       1
       5
       1
       2
       2
       5
       2
       3
       5
       8
       1
       4
       4
       1
       1
       0
       2
       4
       5
       2
       4
       4
       1
       1
       5
       1
       3
       0
       2
       4
       7
       1
       3
       2
       5
       6
       2
       5
       2
       4
       3
       2
       4
       2
       1
       4
       3
       3
       1
       3
       2
       5
       2
       5
       1
       6
       5
       5
       5
       2
       2
       4
       8
       2
       1
       3
       4
       4
       3
       3
       1
       4
       4
       4
       1
       2
       1
       6
       6
       1
       3
       6
       2
       4
       5
       2
       5
       4
       0
       4
       4
       6
       4
       2
       3
       7
       4
       3
       6
       4
       6
       6
       4
       7
       4
       1
       3
      10
       6
       7
       4
       4
       5
       2
       4
       7
       5
       8
       7
       6
       5
       5
       9
       5
       5
       4
       5
       4
       2
       7
       6
       6
       6
       7
       2
       8
       6
       9
       7
       8
       7
       6
       4
       3
       3
       3
       5
       6
       1
       4
       7
       9
       4
       4
       3
       2
       1
       6
       5
       5
       1
       2
       5
       5
       0
       6
       1
       0
       1
       3
       5
       1
       3
       0
       2
       1
       2
       4
       2
       4
       1
       1
       0
       2
       1
       3
       0
       0
       2
       0
       1
       2
       2
       1
       2
       1
       0
       1
       2
       1
       2
       0
       0
       1
       0
       1
       1
       0
       4
       0
       0
       0
       1
       2
       2
       0
       1
       1
       1
       1
       0
       0
       0
       0
       1
       1
       1
       3
       0
       1
       1
       0
       2
       2
       1
       0
       4
       2
       3
       0
       1
       0
       2
       0
       1
       1
       1
       0
       4
       1
       2
       1
       0
       1
       1
       2
       2
       3
       0
       0
       3
       0
       1
       3
       2
       2
       1
       0
       0
       2
       2
       1
       2
       2
       2
       0
       1
       1
       3
       1
       2
       2
       1
       4
       1
       1
       3
       3
       1
       1
       0
       1
       1
       2
       2
       0
       2
       0
       1
       1
       2
       1
       0
       1
       3
       0
       2
       0
       2
       0
       3
       1
       1
       0
       0
       0
       0
       0
       0
       0
       0
       0
       0
       0
       2
       0
       0
       1
       0
       0
       0
       0
       0
       0
       0
       0
       2
       1
       2
       0
       1
       0
       2
       1
       1
       2
       1
       0
       2
       0
       1
       1
       1
       1
       0
       2
       0
       0
       0
       0
       0
       1
       0
       0
       1
       0
       0
       0
       1
       1
       0
       0
       0
       0
       0
       1
       0
       0
       0
       0
       0
       0
       0
       0
       0
       0
       1
       0
       0
       0
       0
       0
       0
       1
       1
       1
       0
       0
       0
$ROI:
3
6 55
212 320
787 895
$PRESETS:
None
0
0
$ENER_FIT:
0.000000 2.204597
$MCA_CAL:
3
0.000000E+000 2.204597E+000 0.000000E+000 keV
$SHAPE_CAL:
3
1.191474E+001 0.000000E+000 0.000000E+000
