$SPEC_ID:
No sample description was entered.
$SPEC_REM:
DET# 1
DETDESC# SPACESCIENCE4 digiBASE-RH SN 15121435
AP# Maestro Version 7.01
$DATE_MEA:
09/23/2024 15:11:24
$MEAS_TIM:
200 200
$DATA:
0 1023
       0
       0
       0
       0
       0
     258
     817
     513
     390
     364
     407
     551
     732
     880
    1074
    1036
    1055
     928
     856
     615
     518
     386
     402
     372
     353
     332
     365
     375
     409
     402
     389
     432
     435
     459
     509
     528
     507
     524
     523
     504
     549
     597
     585
     583
     576
     645
     622
     670
     621
     610
     635
     607
     579
     649
     610
     675
     636
     671
     639
     624
     640
     599
     608
     669
     643
     580
     638
     647
     642
     655
     577
     626
     616
     632
     625
     634
     625
     602
     609
     614
     604
     636
     656
     625
     632
     693
     603
     633
     577
     626
     647
     630
     629
     602
     629
     599
     580
     557
     609
     547
     591
     505
     495
     549
     550
     569
     501
     519
     516
     505
     506
     505
     468
     524
     455
     464
     459
     469
     457
     430
     430
     456
     431
     447
     418
     387
     438
     416
     388
     398
     445
     356
     394
     376
     405
     368
     378
     391
     368
     363
     341
     360
     331
     335
     351
     334
     355
     291
     338
     285
     348
     335
     303
     301
     290
     316
     295
     286
     281
     302
     297
     279
     298
     278
     303
     306
     285
     311
     286
     273
     271
     273
     277
     288
     295
     261
     272
     248
     258
     271
     271
     285
     278
     281
     235
     271
     253
     264
     266
     278
     234
     238
     245
     240
     235
     242
     212
     215
     185
     189
     206
     181
     196
     150
     165
     175
     178
     163
     146
     130
     150
     151
     116
     140
     102
     105
     116
     101
     107
      99
     102
      91
      97
     106
      96
      71
      94
      95
      78
      87
      89
      84
      69
      74
      69
      62
      72
      64
      63
      66
      71
      67
      66
      66
      67
      67
      76
      83
      81
     105
      94
     101
     119
     127
     145
     131
     113
     156
     204
     199
     192
     240
     246
     274
     295
     330
     318
     343
     349
     403
     420
     443
     445
     483
     509
     491
     546
     539
     595
     626
     572
     563
     650
     630
     588
     617
     598
     608
     602
     561
     579
     534
     520
     537
     555
     474
     458
     440
     451
     362
     372
     339
     355
     301
     300
     261
     276
     246
     230
     215
     209
     204
     165
     148
     175
     157
     127
     156
     157
     120
     116
     128
      95
     104
     104
     103
     100
      90
      76
      86
      74
      69
      50
      58
      60
      65
      42
      58
      54
      47
      41
      41
      40
      44
      38
      41
      37
      37
      40
      34
      28
      14
      22
      18
      22
      29
      22
      19
      17
      17
      21
      19
      13
      12
      15
      15
      15
      13
      13
      11
      19
      16
       5
       5
       9
      15
       8
       6
      11
      13
      13
       9
       6
       8
       9
       5
       9
       5
       7
       6
       9
       3
       4
       4
       5
       3
       1
       9
       4
       1
       4
       5
       4
       6
       0
       2
       4
       7
       6
       1
       3
       1
       5
       1
       2
       3
       4
       3
       3
       0
       4
       1
       3
       5
       3
       5
       7
       3
       0
       4
       3
       3
       5
       4
       1
       3
       2
       2
       3
       5
       1
       2
       3
       1
       0
       3
       1
       4
       1
       2
       2
       6
       0
       4
       1
       2
       0
       7
       3
       1
       3
       5
       3
       3
       2
       2
       4
       2
       3
       1
       3
       3
       1
       1
       1
       4
       0
       3
       2
       2
       3
       3
       3
       1
       2
       4
       4
       4
       2
       2
       4
       3
       1
       2
       1
       2
       0
       0
       2
       0
       2
       3
       3
       2
       1
       1
       2
       1
       0
       1
       0
       2
       0
       2
       3
       4
       3
       1
       0
       0
       3
       0
       2
       3
       2
       2
       3
       2
       4
       1
       1
       1
       2
       2
       3
       1
       2
       2
       2
       2
       0
       1
       0
       2
       1
       2
       2
       3
       1
       2
       1
       1
       2
       3
       2
       2
       2
       0
       2
       2
       0
       1
       4
       3
       2
       2
       3
       3
       1
       0
       0
       2
       0
       1
       3
       4
       1
       1
       3
       0
       1
       1
       2
       6
       1
       1
       2
       1
       2
       1
       2
       1
       1
       1
       2
       2
       1
       0
       1
       4
       2
       1
       5
       3
       1
       2
       0
       1
       4
       1
       5
       2
       3
       0
       1
       1
       1
       2
       2
       2
       0
       2
       0
       1
       3
       0
       2
       2
       1
       4
       0
       1
       1
       3
       2
       1
       3
       2
       0
       1
       1
       0
       2
       1
       2
       1
       0
       1
       0
       0
       1
       1
       0
       0
       2
       1
       0
       0
       0
       0
       0
       1
       0
       1
       0
       0
       0
       0
       0
       1
       1
       0
       2
       0
       0
       0
       0
       0
       1
       1
       0
       0
       0
       0
       2
       1
       0
       1
       0
       1
       0
       2
       2
       0
       2
       0
       0
       0
       2
       1
       0
       0
       0
       1
       0
       2
       1
       0
       1
       1
       1
       2
       1
       0
       1
       1
       0
       0
       2
       0
       3
       0
       1
       0
       3
       0
       0
       2
       0
       1
       0
       1
       0
       0
       0
       0
       0
       1
       0
       0
       1
       1
       0
       0
       0
       0
       0
       1
       2
       1
       0
       0
       0
       1
       0
       1
       1
       0
       0
       0
       2
       0
       0
       0
       0
       0
       0
       1
       2
       0
       0
       0
       0
       0
       0
       0
       1
       0
       1
       0
       0
       0
       1
       0
       0
       2
       0
       1
       1
       1
       0
       1
       0
       0
       0
       2
       0
       1
       1
       0
       0
       2
       0
       1
       0
       0
       2
       0
       1
       1
       0
       0
       0
       0
       0
       0
       0
       1
       0
       2
       0
       0
       1
       0
       1
       2
       1
       1
       0
       0
       0
       0
       0
       0
       2
       0
       0
       0
       1
       0
       2
       0
       0
       0
       0
       0
       0
       0
       0
       1
       0
       0
       0
       0
       0
       2
       0
       0
       0
       0
       0
       0
       0
       0
       1
       0
       0
       0
       0
       1
       0
       0
       0
       0
       1
       0
       0
       0
       0
       0
       1
       0
       0
       0
       0
       0
       1
       0
       0
       0
       0
       0
       0
       1
       0
       0
       0
       0
       1
       0
       0
       2
       0
       0
       0
       1
       0
       0
       0
       0
       0
       0
       0
       0
       1
       0
       1
       0
       0
       1
       0
       0
       0
       0
       0
       0
       1
       0
       0
       0
       1
       0
       0
       0
       0
       0
       1
       0
       0
       0
       1
       0
       0
       0
       0
       0
       1
       0
       0
       0
       1
       0
       0
       0
       0
       0
       0
       1
       0
       0
       0
       0
       0
       0
       0
       0
       0
       0
       0
       0
       0
       0
       0
       0
       0
       0
       0
       0
       0
       0
       0
       0
       0
       0
       2
       0
       0
       0
       0
       0
       0
       0
       0
       0
       0
       1
       0
       0
       0
       0
       0
       0
       0
       0
       0
       1
       0
       0
       0
       0
       0
       0
       0
       2
       0
       0
       0
       0
       0
       0
       0
       1
       1
       0
$ROI:
0
$PRESETS:
Live Time
300
0
$ENER_FIT:
0.000000 2.163128
$MCA_CAL:
3
0.000000E+000 2.163128E+000 0.000000E+000 keV
$SHAPE_CAL:
3
3.599727E+001 0.000000E+000 0.000000E+000
