$SPEC_ID:
No sample description was entered.
$SPEC_REM:
DET# 1
DETDESC# SPACESCIENCE4 digiBASE-RH SN 15121435
AP# Maestro Version 7.01
$DATE_MEA:
09/23/2024 15:27:11
$MEAS_TIM:
199 200
$DATA:
0 1023
       0
       0
       0
       0
       0
     346
    1050
     727
     600
     559
     653
     891
    1046
    1274
    1354
    1299
    1222
    1058
     756
     655
     549
     454
     449
     439
     440
     453
     426
     476
     507
     556
     496
     575
     593
     611
     626
     585
     593
     653
     680
     662
     653
     732
     770
     690
     693
     730
     741
     725
     784
     779
     726
     757
     774
     739
     718
     781
     717
     819
     770
     742
     795
     729
     749
     780
     777
     757
     821
     744
     791
     743
     741
     769
     722
     718
     749
     766
     768
     788
     739
     768
     797
     792
     758
     772
     745
     794
     741
     750
     887
     782
     790
     768
     781
     750
     813
     733
     754
     762
     736
     723
     701
     766
     739
     665
     722
     687
     708
     641
     680
     666
     654
     654
     637
     581
     582
     627
     604
     547
     602
     549
     568
     562
     557
     536
     532
     540
     522
     533
     497
     525
     512
     479
     481
     505
     491
     492
     471
     462
     433
     487
     466
     409
     421
     426
     437
     426
     448
     399
     407
     427
     363
     379
     457
     397
     407
     385
     423
     386
     408
     414
     386
     384
     379
     388
     398
     395
     409
     379
     356
     389
     338
     360
     366
     402
     378
     356
     375
     374
     366
     343
     346
     374
     326
     335
     346
     338
     337
     334
     313
     336
     298
     293
     288
     276
     245
     271
     244
     253
     258
     233
     254
     208
     223
     214
     187
     194
     208
     201
     167
     172
     158
     149
     176
     157
     140
     152
     146
     140
     138
     128
     116
     131
     117
     122
     104
     112
     105
      96
     116
      98
     104
     114
      88
     101
     112
      88
     110
     114
     123
      94
     106
      83
     109
     104
     123
     121
     147
     124
     151
     185
     170
     199
     197
     198
     209
     213
     239
     247
     296
     330
     352
     337
     378
     405
     445
     440
     447
     481
     546
     570
     552
     585
     625
     650
     655
     668
     687
     698
     687
     709
     751
     776
     725
     744
     745
     759
     677
     759
     720
     677
     702
     705
     628
     641
     591
     586
     570
     523
     533
     486
     471
     426
     491
     407
     407
     381
     343
     349
     311
     308
     270
     284
     284
     254
     242
     226
     225
     215
     211
     195
     170
     193
     178
     146
     149
     155
     138
     136
     130
     115
      92
     122
     102
     101
     101
      81
      85
      75
      62
      74
      66
      72
      71
      56
      59
      68
      61
      42
      52
      35
      43
      36
      40
      36
      38
      31
      40
      36
      27
      22
      33
      30
      28
      28
      23
      19
      21
      23
      28
      22
      12
      16
      15
      17
      19
      13
      14
      16
      16
       8
       7
      11
      11
      16
      10
       9
       9
      10
      12
      11
       6
       3
       4
       4
      11
       3
       4
       5
       2
       7
       4
       8
       4
       7
       0
       5
       1
       4
       4
       5
       1
       1
       0
       2
       3
       3
       3
       6
       3
       4
       5
       4
       2
       2
       1
       0
       1
       3
       1
       2
       1
       2
       4
       3
       2
       6
       2
       4
       1
       5
       2
       1
       4
       2
       3
       5
       0
       1
       5
       6
       2
       2
       2
       1
       1
       3
       2
       4
       1
       1
       3
       2
       4
       2
       3
       4
       3
       2
       0
       1
       3
       2
       1
       4
       1
       1
       0
       1
       2
       2
       1
       0
       2
       6
       0
       1
       2
       1
       1
       1
       1
       3
       2
       1
       6
       1
       3
       0
       4
       0
       1
       1
       2
       2
       0
       3
       2
       3
       3
       2
       1
       3
       4
       2
       2
       3
       0
       2
       2
       0
       1
       1
       2
       1
       1
       1
       0
       2
       0
       5
       2
       1
       0
       5
       0
       3
       3
       0
       1
       0
       1
       0
       1
       1
       1
       4
       0
       0
       2
       0
       2
       2
       2
       3
       0
       2
       0
       1
       3
       1
       0
       2
       1
       0
       2
       0
       2
       3
       2
       1
       2
       1
       0
       0
       0
       1
       4
       0
       3
       1
       0
       3
       2
       2
       0
       0
       6
       2
       1
       4
       2
       2
       1
       1
       2
       2
       0
       0
       1
       2
       3
       3
       0
       2
       1
       1
       1
       1
       0
       2
       1
       4
       2
       1
       2
       1
       2
       1
       0
       0
       3
       5
       0
       0
       0
       1
       2
       1
       2
       2
       1
       1
       2
       0
       1
       1
       0
       1
       3
       1
       0
       1
       2
       1
       1
       0
       1
       1
       2
       1
       2
       2
       0
       2
       2
       0
       1
       2
       0
       1
       3
       1
       1
       1
       0
       1
       1
       1
       1
       2
       1
       3
       1
       3
       1
       1
       1
       1
       1
       2
       0
       1
       1
       1
       1
       1
       0
       1
       3
       2
       1
       1
       0
       0
       2
       1
       0
       2
       0
       1
       1
       1
       1
       0
       0
       1
       0
       0
       0
       1
       0
       3
       0
       0
       1
       0
       0
       1
       0
       0
       3
       0
       0
       2
       1
       0
       2
       0
       0
       0
       1
       1
       1
       2
       2
       1
       1
       1
       0
       0
       0
       0
       1
       0
       0
       2
       0
       0
       0
       0
       0
       0
       0
       1
       0
       0
       0
       0
       0
       0
       0
       1
       2
       1
       0
       0
       0
       1
       1
       0
       0
       1
       0
       0
       0
       0
       1
       0
       2
       0
       1
       0
       1
       2
       0
       0
       0
       2
       0
       0
       1
       0
       0
       0
       0
       1
       0
       0
       0
       0
       0
       0
       0
       0
       0
       0
       0
       1
       0
       0
       0
       1
       1
       0
       0
       0
       2
       0
       0
       1
       0
       1
       0
       0
       0
       1
       0
       0
       0
       0
       1
       0
       0
       0
       1
       2
       0
       0
       0
       0
       0
       1
       3
       0
       0
       0
       2
       0
       0
       0
       0
       0
       1
       0
       1
       0
       0
       1
       0
       0
       0
       0
       0
       0
       1
       0
       1
       0
       0
       0
       0
       1
       0
       0
       0
       0
       1
       1
       0
       0
       0
       1
       1
       0
       0
       0
       0
       0
       0
       0
       0
       0
       0
       0
       0
       0
       0
       2
       0
       1
       0
       0
       0
       0
       0
       0
       0
       0
       0
       1
       0
       1
       0
       0
       1
       1
       0
       0
       0
       0
       0
       0
       0
       1
       0
       0
       0
       0
       0
       1
       0
       0
       0
       0
       1
       0
       0
       0
       0
       1
       0
       0
       1
       1
       0
       0
       0
       0
       0
       0
       0
       0
       1
       0
       0
       0
       0
       0
       0
       0
       0
       0
       0
       0
       0
       0
       0
       0
       1
       0
       0
       1
       0
       0
       0
       0
       0
       0
       0
       0
       0
       1
       0
       1
       0
       0
       0
       0
       0
       0
       0
       0
       1
       0
       0
       0
       0
       1
       0
       0
       0
       0
       0
       0
       0
       0
       0
       1
       0
       0
       1
       0
       0
       0
       0
       0
       1
       0
       0
       1
       0
       2
       0
       0
$ROI:
0
$PRESETS:
Live Time
300
0
$ENER_FIT:
0.000000 2.163128
$MCA_CAL:
3
0.000000E+000 2.163128E+000 0.000000E+000 keV
$SHAPE_CAL:
3
3.599727E+001 0.000000E+000 0.000000E+000
