$SPEC_ID:
No sample description was entered.
$SPEC_REM:
DET# 2
DETDESC# SPACESCIENCE8 digiBASE-RH SN 15121449
AP# Maestro Version 7.01
$DATE_MEA:
09/25/2024 15:24:45
$MEAS_TIM:
198 200
$DATA:
0 1023
       0
       0
       0
       0
       0
       0
       0
       0
       0
       0
     475
    1858
    2325
    2342
    2359
    2279
    2154
    1721
    1440
    1180
     995
     823
     780
     683
     621
     610
     581
     616
     590
     570
     622
     576
     652
     654
     624
     681
     693
     681
     691
     725
     692
     726
     752
     712
     740
     706
     732
     673
     700
     659
     698
     685
     702
     719
     738
     733
     760
     672
     743
     727
     734
     694
     748
     706
     702
     723
     753
     718
     715
     713
     719
     716
     763
     733
     668
     732
     732
     721
     760
     704
     762
     743
     764
     781
     743
     792
     777
     795
     819
     807
     863
     835
     841
     811
     815
     855
     832
     858
     876
     896
     889
     894
     896
     873
     839
     811
     806
     872
     777
     771
     820
     836
     835
     776
     795
     772
     804
     763
     773
     749
     745
     748
     736
     724
     690
     766
     760
     720
     705
     708
     654
     684
     657
     643
     639
     637
     639
     643
     671
     647
     561
     601
     587
     571
     550
     588
     559
     570
     585
     547
     522
     540
     576
     557
     532
     506
     529
     511
     507
     481
     490
     469
     487
     496
     457
     448
     452
     464
     466
     424
     444
     420
     429
     431
     433
     435
     412
     405
     393
     423
     384
     395
     365
     386
     352
     339
     381
     381
     340
     385
     373
     340
     365
     387
     376
     328
     325
     361
     338
     333
     333
     360
     331
     325
     321
     311
     334
     308
     293
     272
     321
     304
     301
     294
     285
     285
     279
     304
     296
     233
     274
     250
     270
     280
     265
     230
     264
     231
     252
     242
     244
     211
     263
     226
     198
     219
     223
     204
     186
     191
     197
     197
     163
     152
     185
     184
     174
     165
     173
     186
     153
     155
     140
     151
     127
     126
     127
     137
     130
     134
     125
     117
     123
      92
     106
     102
      91
     117
      81
      97
     104
      96
     111
     117
      96
     109
     115
     105
     106
      96
     102
     116
     112
     105
     103
     130
     143
     150
     131
     160
     179
     184
     200
     205
     211
     212
     235
     275
     312
     330
     347
     387
     405
     464
     461
     566
     621
     650
     746
     832
     830
     934
    1018
    1121
    1193
    1262
    1414
    1561
    1593
    1727
    1887
    2018
    2054
    2214
    2358
    2382
    2495
    2654
    2696
    2814
    2984
    3079
    3123
    3152
    3375
    3203
    3270
    3320
    3391
    3396
    3387
    3235
    3302
    3287
    3148
    3030
    3018
    2977
    2947
    2851
    2811
    2578
    2599
    2375
    2318
    2137
    2070
    1946
    1793
    1709
    1574
    1475
    1423
    1348
    1170
    1057
     977
     886
     797
     724
     657
     635
     575
     469
     453
     389
     327
     297
     300
     231
     230
     180
     159
     128
     122
      99
     100
      68
      87
      71
      59
      66
      52
      37
      35
      22
      32
      32
      24
      16
      14
      21
      16
       7
      15
      10
      12
      18
      18
       7
       9
      12
       9
       8
       7
      10
       8
       7
      13
      12
       6
       7
       6
       7
       9
       3
      11
       4
       7
       7
       9
       6
       5
      11
       4
       5
      12
      11
       8
       7
       3
       5
       8
       6
       5
       4
       9
       8
       6
       8
       8
       7
       5
       4
      13
       8
       2
       5
      16
       8
       7
       3
       3
       5
       5
       9
       7
       4
       2
       8
       3
       4
       7
       6
       5
      10
       8
       3
       7
       3
      10
       5
       5
       5
       8
       8
       5
       4
       7
       7
       4
       6
       7
       2
       6
       6
       5
       6
       6
       3
       4
       6
       7
       5
       3
       8
       2
       4
       5
       4
       2
       6
       4
       3
       3
       4
       6
       4
       8
       2
       2
       8
       6
       3
       2
       6
       5
       3
       3
       1
       6
       5
       3
       2
       6
       3
       2
       6
       4
       5
       3
       2
       3
       7
       3
       5
       7
       2
       3
       6
       6
       9
       0
       6
       6
       2
       3
       5
       8
       4
       6
       2
       4
       7
       7
       4
       4
       6
       4
       1
       3
       6
       2
      10
       6
       5
       4
       5
      10
       2
       4
       7
       2
       4
       3
       4
       4
       3
       5
       4
       5
       8
       2
       4
       3
       7
       4
       4
       3
       3
       7
       3
       5
       3
       9
       2
       4
       0
       4
       3
       3
       2
       3
       4
       6
       2
       4
       4
       3
       7
       2
       2
       7
       3
       2
       0
       2
       4
       5
       4
       4
       3
       1
       3
       2
       4
       2
       5
       4
       3
       7
       2
       1
       4
       7
       3
       1
       2
       4
       4
       5
       2
       3
       4
       5
       3
       3
       3
       2
       0
       5
       5
       7
       5
       4
       0
       3
       3
       1
       2
       5
       4
       3
       2
       3
       1
       3
       3
       5
       4
       1
       1
       3
       0
       2
       5
       1
       4
       1
       0
       2
       4
       3
       4
       6
       4
       5
       4
       2
       2
       3
       3
       2
       3
       3
       4
       2
       2
       1
      10
       4
       2
       4
       4
       4
       3
       0
       5
       6
       3
       5
       4
       4
       7
       5
       7
       2
       6
       4
       8
       3
       5
       6
       2
       4
       3
       7
       8
       7
       6
       6
       7
       4
       7
       5
       4
       6
       7
       5
       6
       5
       4
       9
       8
       6
       6
       6
       6
       3
      10
       5
       6
       7
       4
       5
       3
       5
       5
       4
       3
       5
       4
       6
       1
       5
       8
       5
       6
       4
      10
       2
       3
       4
       6
       5
       2
       5
       4
       2
       4
       4
       2
       0
       1
       1
       1
       3
       1
       6
       2
       3
       1
       3
       0
       1
       2
       1
       1
       4
       1
       1
       1
       1
       0
       2
       3
       1
       0
       0
       1
       0
       2
       6
       1
       0
       0
       2
       2
       2
       0
       0
       0
       1
       2
       1
       0
       2
       0
       1
       1
       3
       0
       0
       0
       1
       1
       2
       1
       0
       0
       0
       0
       0
       0
       1
       0
       0
       0
       0
       1
       1
       1
       1
       0
       1
       1
       1
       1
       2
       2
       1
       0
       2
       3
       1
       2
       1
       2
       0
       1
       0
       1
       0
       2
       1
       3
       3
       3
       3
       0
       0
       4
       0
       1
       1
       0
       0
       1
       1
       1
       2
       1
       0
       3
       0
       5
       2
       1
       1
       1
       1
       2
       2
       2
       1
       1
       2
       0
       1
       0
       0
       2
       0
       2
       2
       1
       2
       3
       4
       1
       0
       0
       3
       0
       0
       3
       0
       2
       1
       0
       1
       0
       1
       0
       0
       1
       0
       1
       0
       0
       0
       0
       0
       0
       0
       0
       1
       0
       1
       0
       0
       0
       0
       1
       0
       1
       1
       0
       2
       0
       1
       0
       0
       0
       1
       0
       0
       1
       0
       1
       3
       0
       1
       1
       0
       0
       0
       0
       0
       0
       0
       0
       0
       0
       1
       0
       0
       0
       0
       0
       0
       1
       0
       0
       1
       0
       2
       0
       0
       0
       0
       0
       1
       0
       0
       0
       0
       1
       1
       0
       0
       0
       1
       0
$ROI:
3
6 55
212 320
787 895
$PRESETS:
None
0
0
$ENER_FIT:
0.000000 2.204597
$MCA_CAL:
3
0.000000E+000 2.204597E+000 0.000000E+000 keV
$SHAPE_CAL:
3
1.191474E+001 0.000000E+000 0.000000E+000
