$SPEC_ID:
No sample description was entered.
$SPEC_REM:
DET# 1
DETDESC# SPACESCIENCE4 digiBASE-RH SN 15121435
AP# Maestro Version 7.01
$DATE_MEA:
09/23/2024 15:21:52
$MEAS_TIM:
199 200
$DATA:
0 1023
       0
       0
       0
       0
       0
     349
     949
     615
     470
     481
     474
     638
     850
     994
    1099
    1076
    1064
     888
     683
     599
     486
     401
     395
     424
     423
     401
     446
     420
     455
     451
     460
     493
     509
     509
     517
     530
     588
     580
     561
     588
     633
     589
     585
     604
     641
     660
     633
     651
     673
     639
     707
     661
     734
     656
     684
     680
     711
     662
     700
     676
     641
     684
     699
     679
     655
     657
     693
     660
     685
     675
     654
     660
     650
     685
     652
     674
     649
     664
     607
     692
     684
     687
     706
     670
     679
     732
     672
     665
     733
     725
     705
     691
     709
     704
     613
     694
     672
     648
     621
     641
     622
     589
     620
     629
     632
     651
     600
     628
     617
     580
     583
     563
     528
     580
     548
     505
     483
     538
     498
     513
     511
     485
     447
     474
     484
     456
     443
     429
     475
     501
     426
     422
     453
     437
     456
     425
     403
     419
     382
     397
     402
     387
     413
     360
     367
     369
     350
     379
     373
     361
     376
     348
     361
     348
     344
     364
     325
     351
     322
     335
     329
     367
     361
     360
     343
     347
     308
     344
     330
     312
     325
     326
     348
     317
     317
     308
     305
     294
     337
     315
     280
     276
     322
     312
     283
     279
     306
     269
     262
     265
     243
     263
     272
     265
     244
     237
     219
     245
     228
     217
     223
     200
     186
     196
     176
     183
     172
     168
     163
     137
     152
     145
     162
     129
     138
     110
     117
     114
     120
     102
     118
     116
     112
     105
      91
     103
      94
      88
      78
     106
     106
      98
      89
      86
      82
      93
      87
      79
      92
      93
      91
     103
      92
      93
      96
     110
     113
     125
     116
     146
     149
     126
     145
     146
     153
     215
     195
     222
     249
     251
     274
     322
     345
     306
     346
     394
     376
     411
     435
     456
     550
     551
     546
     603
     613
     644
     637
     664
     665
     677
     650
     675
     638
     690
     660
     659
     679
     658
     671
     637
     616
     590
     546
     603
     553
     558
     511
     483
     479
     456
     422
     409
     369
     364
     334
     326
     317
     276
     280
     253
     236
     243
     216
     213
     216
     161
     161
     156
     149
     151
     127
     135
     107
     142
     110
     106
     104
      95
      90
      94
      78
      83
      81
      82
      62
      76
      66
      53
      40
      52
      54
      53
      52
      42
      40
      36
      44
      25
      42
      41
      35
      43
      37
      31
      27
      34
      27
      26
      24
      20
      27
      18
      20
      25
      18
      23
      11
      16
      19
       9
      11
       9
      18
      10
      11
      11
       5
      10
      13
       7
       5
       7
       9
       8
       8
       8
       5
       4
      15
      10
       8
       6
       3
       5
       6
       4
       1
       7
       4
       2
       6
       5
       6
       4
      10
       3
       8
       5
       5
       3
       1
       5
       2
       2
       2
       2
       2
       2
       3
       1
       3
       1
       5
       2
       2
       6
       6
       2
       4
       3
       2
       5
       0
       5
       4
       2
       0
       4
       3
       2
       2
       4
       2
       4
       1
       2
       2
       1
       0
       3
       1
       4
       2
       6
       5
       0
       2
       2
       1
       4
       3
       4
       4
       1
       2
       2
       1
       3
       2
       4
       3
       1
       0
       2
       2
       2
       2
       2
       1
       1
       0
       1
       2
       0
       1
       1
       2
       2
       4
       4
       1
       3
       2
       5
       2
       2
       2
       2
       3
       1
       2
       4
       2
       4
       1
       3
       3
       2
       4
       2
       4
       3
       1
       2
       1
       6
       1
       0
       0
       1
       2
       1
       2
       1
       3
       3
       0
       2
       3
       1
       2
       1
       3
       1
       5
       2
       1
       2
       2
       5
       4
       0
       3
       2
       1
       0
       3
       1
       1
       2
       4
       0
       0
       3
       2
       2
       4
       0
       1
       3
       2
       0
       0
       2
       4
       1
       5
       0
       3
       3
       3
       3
       0
       5
       2
       0
       1
       2
       4
       1
       5
       0
       3
       5
       4
       2
       0
       1
       0
       2
       4
       4
       3
       2
       2
       3
       3
       2
       2
       4
       2
       5
       2
       1
       2
       5
       2
       0
       4
       4
       2
       0
       1
       1
       3
       0
       2
       2
       0
       0
       3
       0
       5
       2
       2
       2
       1
       2
       3
       1
       1
       2
       3
       2
       0
       1
       3
       1
       2
       1
       1
       0
       0
       2
       0
       1
       1
       2
       1
       0
       1
       0
       1
       1
       0
       2
       0
       0
       2
       0
       1
       1
       1
       0
       0
       0
       2
       0
       0
       0
       0
       0
       0
       0
       0
       0
       2
       1
       1
       1
       1
       0
       0
       2
       1
       1
       0
       0
       1
       0
       0
       1
       2
       1
       2
       1
       2
       0
       0
       1
       0
       0
       2
       1
       0
       1
       1
       0
       1
       1
       0
       0
       1
       1
       1
       0
       1
       0
       2
       1
       0
       2
       0
       2
       2
       0
       0
       0
       0
       1
       1
       0
       1
       2
       2
       1
       0
       0
       6
       1
       0
       0
       0
       0
       2
       0
       0
       1
       0
       0
       2
       2
       1
       0
       0
       2
       1
       2
       0
       1
       1
       1
       0
       0
       2
       1
       1
       0
       1
       0
       0
       0
       0
       1
       0
       0
       0
       1
       0
       0
       0
       1
       1
       0
       0
       1
       0
       0
       0
       0
       0
       0
       0
       0
       2
       0
       2
       1
       1
       1
       0
       0
       0
       0
       0
       1
       0
       1
       2
       0
       0
       0
       0
       2
       1
       0
       2
       0
       0
       0
       0
       0
       1
       0
       0
       1
       0
       1
       0
       0
       1
       0
       0
       1
       0
       0
       1
       0
       0
       1
       0
       0
       0
       0
       0
       0
       0
       1
       0
       0
       0
       1
       0
       0
       0
       3
       0
       0
       1
       0
       0
       0
       0
       2
       1
       0
       0
       0
       0
       0
       0
       0
       0
       0
       0
       0
       0
       0
       0
       0
       0
       0
       0
       1
       0
       0
       0
       0
       0
       0
       1
       0
       0
       0
       0
       0
       0
       0
       0
       0
       4
       1
       0
       0
       0
       0
       0
       0
       0
       0
       0
       0
       1
       1
       0
       0
       0
       0
       0
       0
       0
       0
       0
       0
       0
       0
       0
       1
       0
       0
       0
       0
       0
       0
       0
       0
       1
       0
       0
       0
       1
       0
       0
       0
       0
       1
       0
       0
       0
       2
       0
       0
       0
       0
       0
       0
       0
       0
       0
       0
       0
       0
       0
       0
       0
       0
       0
       0
       0
       0
       0
       0
       0
       0
       0
       0
       0
       0
       1
       1
       0
       0
       0
       0
       0
       0
       0
       0
       0
       0
       0
       1
       0
       0
       0
       0
       0
       0
       0
       0
       0
       0
       0
       0
       0
       0
       0
       0
       1
       0
       0
       0
       0
       0
       1
       0
       1
       0
       0
       1
       0
       1
       0
       0
$ROI:
0
$PRESETS:
Live Time
300
0
$ENER_FIT:
0.000000 2.163128
$MCA_CAL:
3
0.000000E+000 2.163128E+000 0.000000E+000 keV
$SHAPE_CAL:
3
3.599727E+001 0.000000E+000 0.000000E+000
