$SPEC_ID:
No sample description was entered.
$SPEC_REM:
DET# 1
DETDESC# SPACESCIENCE4 digiBASE-RH SN 15121435
AP# Maestro Version 7.01
$DATE_MEA:
09/23/2024 15:16:16
$MEAS_TIM:
200 200
$DATA:
0 1023
       0
       0
       0
       0
       0
     313
     870
     584
     386
     403
     440
     553
     698
     926
    1043
    1078
    1006
     915
     755
     611
     509
     421
     427
     354
     351
     342
     377
     417
     418
     468
     466
     500
     510
     462
     481
     530
     552
     519
     578
     535
     553
     567
     569
     565
     590
     655
     611
     626
     609
     572
     624
     624
     637
     653
     614
     649
     616
     629
     683
     666
     658
     617
     618
     667
     657
     576
     579
     634
     618
     608
     608
     616
     629
     636
     645
     620
     612
     601
     569
     644
     605
     624
     615
     692
     647
     645
     625
     630
     640
     658
     627
     663
     656
     614
     618
     601
     547
     587
     600
     591
     586
     536
     570
     546
     547
     518
     550
     571
     568
     510
     535
     510
     502
     500
     490
     461
     449
     487
     533
     477
     435
     421
     432
     407
     430
     436
     397
     417
     393
     424
     370
     340
     384
     351
     388
     366
     389
     370
     344
     351
     369
     367
     374
     325
     314
     335
     324
     349
     325
     330
     321
     314
     307
     338
     314
     315
     354
     310
     310
     283
     271
     318
     294
     312
     277
     314
     283
     318
     304
     283
     268
     293
     330
     292
     298
     291
     299
     309
     264
     276
     278
     313
     259
     278
     258
     288
     291
     269
     283
     251
     242
     251
     242
     228
     226
     239
     205
     229
     228
     208
     207
     203
     212
     150
     169
     205
     165
     147
     152
     135
     147
     140
     124
     126
     124
     126
     110
     106
     110
     113
     102
      99
     103
     104
      95
      72
     103
      78
      94
      81
      82
      73
      71
      65
      69
      63
      84
      87
      72
      80
      86
      84
      77
      67
      78
     104
      99
     101
      94
      97
     124
     117
     127
     119
     151
     155
     164
     168
     213
     218
     224
     269
     235
     315
     277
     359
     370
     367
     410
     402
     428
     480
     470
     476
     501
     581
     568
     608
     624
     621
     605
     616
     658
     620
     644
     612
     553
     603
     579
     551
     606
     553
     545
     523
     482
     478
     477
     440
     389
     369
     361
     340
     315
     326
     262
     279
     257
     267
     231
     209
     206
     197
     202
     172
     178
     170
     149
     139
     119
     130
     122
     108
     104
     100
      93
      88
      92
      71
      74
      60
      60
      68
      62
      62
      58
      52
      38
      45
      53
      53
      40
      42
      46
      40
      30
      36
      32
      32
      34
      29
      34
      20
      31
      22
      23
      23
      20
      19
      16
      21
      17
      16
      15
      16
      14
      12
       7
      14
      12
      11
      13
      13
       5
       9
      10
      10
       9
       7
       3
       8
       6
       3
       4
       3
      10
       2
       2
       2
       9
       7
       5
       4
       6
       3
       3
       3
       4
       7
       7
       1
       6
       3
       3
       4
       4
       1
       7
       3
       4
       4
       3
       2
       6
       3
       4
       3
       3
       5
       2
       4
       4
       1
       3
       4
       1
       5
       2
       2
       2
       0
       2
       2
       1
       5
       2
       4
       1
       0
       3
       1
       0
       4
       4
       5
       3
       4
       3
       2
       4
       3
       2
       3
       2
       1
       4
       4
       4
       3
       3
       1
       2
       1
       3
       3
       4
       1
       3
       5
       1
       2
       2
       5
       3
       2
       3
       3
       2
       4
       1
       1
       1
       1
       1
       1
       3
       3
       2
       0
       1
       4
       2
       1
       0
       0
       1
       5
       1
       0
       3
       1
       3
       1
       2
       2
       5
       1
       3
       0
       2
       1
       1
       4
       2
       1
       2
       1
       1
       2
       0
       3
       3
       0
       0
       3
       0
       2
       1
       1
       1
       0
       2
       0
       0
       0
       1
       2
       2
       2
       2
       1
       1
       0
       0
       0
       0
       0
       4
       3
       4
       0
       3
       5
       4
       1
       2
       1
       1
       2
       2
       2
       2
       3
       2
       1
       2
       3
       1
       1
       0
       0
       1
       3
       2
       1
       1
       1
       1
       3
       2
       2
       0
       3
       2
       1
       1
       3
       3
       1
       1
       0
       3
       2
       3
       2
       4
       0
       6
       2
       1
       2
       2
       2
       1
       1
       9
       2
       1
       1
       5
       2
       5
       2
       2
       5
       0
       3
       3
       3
       2
       5
       1
       2
       0
       1
       5
       3
       2
       0
       2
       2
       0
       0
       2
       2
       2
       0
       2
       1
       1
       1
       1
       1
       1
       1
       1
       4
       3
       0
       1
       1
       1
       0
       2
       0
       0
       2
       3
       2
       1
       1
       3
       0
       3
       2
       1
       1
       0
       2
       3
       2
       1
       1
       2
       1
       0
       2
       1
       1
       0
       3
       0
       1
       1
       3
       1
       1
       0
       0
       2
       0
       1
       1
       2
       0
       0
       0
       1
       1
       0
       1
       2
       0
       0
       0
       1
       0
       0
       0
       0
       0
       0
       0
       1
       0
       0
       0
       5
       2
       0
       0
       2
       1
       2
       1
       0
       0
       3
       1
       1
       0
       1
       0
       0
       0
       2
       1
       1
       0
       0
       0
       0
       0
       0
       1
       1
       0
       0
       1
       0
       0
       0
       0
       0
       0
       0
       0
       0
       1
       2
       1
       0
       0
       1
       1
       0
       0
       0
       1
       0
       0
       1
       1
       0
       0
       0
       0
       1
       1
       1
       3
       0
       0
       1
       1
       1
       0
       0
       0
       0
       0
       1
       1
       1
       0
       0
       0
       0
       0
       0
       0
       0
       0
       1
       0
       0
       2
       0
       0
       0
       0
       0
       1
       0
       1
       2
       0
       0
       0
       0
       0
       1
       0
       0
       1
       0
       0
       1
       0
       0
       0
       0
       0
       0
       0
       0
       0
       0
       1
       0
       0
       0
       0
       0
       0
       0
       1
       0
       0
       0
       0
       0
       0
       0
       0
       0
       1
       0
       0
       0
       0
       0
       0
       0
       0
       0
       0
       0
       2
       0
       0
       0
       0
       0
       0
       0
       0
       0
       0
       1
       0
       0
       0
       0
       0
       0
       1
       0
       1
       0
       1
       0
       0
       1
       0
       0
       0
       0
       0
       0
       0
       0
       0
       1
       0
       0
       0
       0
       0
       0
       0
       0
       0
       1
       0
       1
       0
       1
       0
       0
       0
       0
       1
       0
       0
       1
       0
       0
       0
       0
       0
       0
       1
       1
       0
       0
       1
       0
       0
       1
       0
       0
       1
       0
       0
       0
       1
       0
       0
       0
       0
       1
       1
       2
       0
       0
       0
       0
       0
       0
       1
       1
       1
       0
       0
       0
       0
       0
       0
       0
       0
       0
       0
       0
       1
       0
       1
       1
       0
       0
       0
       0
       0
       0
       0
       1
       0
       0
       0
       0
       0
       0
       0
       0
       0
       0
       0
       0
       0
       0
       0
       0
       0
       0
       1
       0
       0
       0
       0
       0
       0
       0
       0
       0
       1
       0
       0
       1
       0
       1
       1
       0
       0
       2
       0
$ROI:
0
$PRESETS:
Live Time
300
0
$ENER_FIT:
0.000000 2.163128
$MCA_CAL:
3
0.000000E+000 2.163128E+000 0.000000E+000 keV
$SHAPE_CAL:
3
3.599727E+001 0.000000E+000 0.000000E+000
