$SPEC_ID:
No sample description was entered.
$SPEC_REM:
DET# 2
DETDESC# SPACESCIENCE8 digiBASE-RH SN 15121449
AP# Maestro Version 7.01
$DATE_MEA:
09/25/2024 15:35:11
$MEAS_TIM:
197 200
$DATA:
0 1023
       0
       0
       0
       0
       0
       0
       0
       0
       0
       0
     596
    2540
    3015
    3202
    3000
    2814
    2524
    2167
    1752
    1441
    1166
    1025
     844
     735
     691
     670
     662
     694
     718
     738
     732
     779
     736
     780
     784
     843
     854
     848
     835
     859
     874
     874
     866
     862
     903
     892
     874
     908
     926
     910
     838
     883
     908
     958
     904
     880
     891
     924
     906
     927
     988
     882
     936
     927
     983
     925
     933
     945
     966
     944
     967
     937
     888
     946
     956
     965
     961
     957
     951
     963
     989
    1004
     962
    1023
    1045
    1043
    1114
    1100
    1121
    1131
    1124
    1146
    1174
    1210
    1136
    1203
    1199
    1203
    1270
    1261
    1141
    1205
    1218
    1166
    1180
    1216
    1134
    1267
    1175
    1137
    1155
    1126
    1143
    1167
    1102
    1114
    1046
    1114
    1078
    1064
    1090
    1116
    1062
    1022
    1006
    1065
    1007
     980
     965
    1030
     942
     935
     937
     912
     938
     932
     884
     922
     926
     884
     865
     818
     835
     823
     749
     825
     840
     763
     775
     741
     757
     748
     738
     701
     726
     688
     725
     671
     663
     684
     670
     614
     649
     644
     574
     694
     625
     596
     611
     563
     564
     521
     592
     564
     569
     565
     511
     488
     543
     528
     498
     502
     510
     523
     479
     469
     480
     470
     422
     425
     448
     424
     459
     451
     423
     393
     387
     389
     408
     410
     398
     400
     358
     399
     376
     395
     369
     384
     367
     371
     361
     359
     386
     356
     364
     322
     341
     354
     324
     351
     323
     319
     273
     333
     330
     326
     303
     291
     290
     272
     300
     299
     300
     272
     276
     254
     256
     271
     239
     225
     226
     244
     252
     223
     208
     213
     196
     190
     196
     185
     182
     206
     167
     185
     155
     167
     148
     137
     145
     130
     125
     118
     145
     148
     139
     126
     120
     152
     125
     143
     114
     155
     145
     147
     138
     142
     154
     191
     155
     139
     146
     180
     188
     173
     232
     210
     230
     226
     264
     264
     287
     325
     314
     385
     375
     470
     477
     493
     544
     635
     623
     764
     796
     828
     949
    1042
    1110
    1272
    1367
    1552
    1639
    1789
    1934
    2099
    2199
    2322
    2566
    2666
    2938
    3021
    3303
    3522
    3537
    3812
    3985
    4122
    4308
    4390
    4559
    4664
    4840
    4837
    5043
    5066
    5068
    5124
    5072
    5102
    4936
    5134
    4886
    4911
    4836
    4698
    4592
    4495
    4447
    4237
    4192
    4003
    3700
    3656
    3366
    3256
    3074
    2938
    2679
    2566
    2432
    2228
    2081
    1858
    1679
    1603
    1388
    1373
    1186
    1157
     979
     883
     805
     721
     657
     559
     521
     461
     427
     397
     325
     298
     266
     208
     196
     160
     126
     108
     117
      84
      75
      69
      64
      44
      42
      37
      38
      34
      32
      16
      20
      16
      17
      18
       8
      10
      10
      16
      13
       5
      16
      14
      14
      10
       8
      12
      14
      13
      10
      12
       8
       8
       5
      10
       7
       9
      10
      11
       5
      13
       7
      14
      19
      11
      11
      14
      15
      11
      11
       9
      10
      11
      15
      13
       9
      12
      10
      11
      12
       4
       6
       9
       9
      11
       8
       3
      10
       6
      11
      12
       9
       7
      14
      13
      17
       7
      17
       9
      10
       6
      12
       9
       8
       8
      11
       7
       7
       9
      10
      13
       7
      12
       2
       9
       8
       7
      11
      10
       7
      10
       8
       6
      11
       7
       5
      11
       7
       4
       6
       6
      10
       7
      10
       6
       7
       5
       9
       8
       5
       5
       7
       6
      12
       8
       3
       4
       4
       5
       3
       7
       7
       5
       6
       4
      11
       6
       7
       7
      10
       6
       6
       6
       7
       3
       3
       8
       5
       4
       2
       5
       5
       4
       8
       9
       5
       9
       7
       9
       9
       6
       3
       7
       1
       2
       6
       4
       6
       6
       3
       3
       8
       4
       4
       6
       5
       4
       4
       6
       4
       3
       4
       5
       2
       5
       3
       5
       4
       2
       7
       6
       6
       8
       6
       8
       2
       7
       5
      13
       3
       3
       8
       2
       4
       2
       7
       3
       5
       2
       6
       5
       6
       4
       4
       3
       3
       4
       7
       9
       3
       4
       7
       4
       0
       2
       6
       8
       6
       5
       6
       5
       4
       3
       5
       8
       7
       6
       6
       8
       3
       6
       4
       4
       5
       3
       9
       7
       3
       4
       6
       9
       9
       9
       3
       8
       1
       6
       6
       4
       1
       6
       5
       7
       4
       4
       6
       8
       3
       6
       8
       9
       2
       5
       3
       6
       7
       2
       3
       6
       8
       7
       1
       3
       4
       8
       2
       4
       6
       2
       2
       2
       7
       3
       5
       8
       7
       4
       1
       4
       7
       5
       5
       2
       5
       2
       7
       7
       2
       0
       6
       5
       4
       4
       3
       7
       4
       2
       3
       4
       5
       4
       3
       3
       4
       3
       5
       2
       4
       1
       2
       5
       5
       8
       1
       2
       4
       5
       3
       4
       2
       3
       4
       5
       6
       8
       3
       3
      10
       4
       8
       8
       8
       7
       4
       5
       3
       3
       5
       3
       9
       9
       3
       2
       5
       6
       8
      12
       8
       8
       3
       5
       5
       4
       6
       6
       3
       7
       8
       5
       6
       7
       9
       3
       7
      10
       4
       8
       3
       3
       1
       6
       3
       5
       4
       7
       1
       3
       6
       4
       3
       7
       2
       3
       4
       1
       4
       3
       0
       4
       2
       2
       2
       1
       4
       3
       2
       0
       4
       2
       3
       1
       1
       2
       0
       4
       1
       1
       0
       2
       1
       0
       2
       2
       1
       2
       1
       1
       2
       2
       1
       0
       0
       0
       1
       1
       1
       0
       1
       0
       1
       1
       3
       0
       0
       0
       2
       0
       1
       0
       1
       1
       1
       0
       0
       1
       1
       0
       2
       1
       2
       2
       1
       0
       1
       2
       3
       1
       1
       0
       1
       3
       3
       1
       0
       2
       0
       2
       1
       0
       3
       3
       0
       1
       0
       2
       2
       2
       1
       1
       4
       2
       1
       2
       1
       2
       5
       1
       0
       0
       0
       1
       1
       1
       2
       0
       0
       0
       1
       4
       1
       1
       2
       1
       3
       0
       2
       1
       3
       0
       0
       1
       0
       1
       0
       2
       1
       2
       1
       0
       0
       1
       1
       1
       0
       0
       0
       2
       1
       1
       0
       0
       3
       0
       1
       0
       0
       0
       0
       0
       0
       1
       2
       0
       1
       1
       0
       0
       1
       0
       1
       0
       1
       1
       0
       0
       2
       1
       1
       4
       0
       1
       0
       0
       1
       1
       0
       1
       0
       1
       0
       0
       1
       0
       2
       0
       0
       0
       1
       2
       0
       0
       1
       0
       0
       0
       1
       1
       1
       0
       0
       1
       0
       1
       0
       1
       0
       0
       0
       0
       0
       0
       0
       0
       0
       0
       0
       0
       0
       0
       2
       0
       0
       0
       0
       0
       0
       0
$ROI:
3
6 55
212 320
787 895
$PRESETS:
None
0
0
$ENER_FIT:
0.000000 2.204597
$MCA_CAL:
3
0.000000E+000 2.204597E+000 0.000000E+000 keV
$SHAPE_CAL:
3
1.191474E+001 0.000000E+000 0.000000E+000
