$SPEC_ID:
No sample description was entered.
$SPEC_REM:
DET# 1
DETDESC# SPACESCIENCE4 digiBASE-RH SN 15121435
AP# Maestro Version 7.01
$DATE_MEA:
09/23/2024 15:32:11
$MEAS_TIM:
300 300
$DATA:
0 1023
       0
       0
       0
       0
       0
     100
     259
     164
     112
      96
      94
     103
     133
     145
     142
     116
     120
      92
     100
      94
      75
      94
      93
     101
     110
     119
     123
     147
     153
     149
     152
     188
     194
     222
     212
     216
     192
     228
     230
     213
     246
     233
     236
     256
     264
     205
     234
     243
     234
     230
     210
     263
     229
     215
     239
     205
     207
     212
     205
     183
     188
     189
     156
     184
     172
     146
     184
     171
     173
     177
     168
     137
     159
     156
     151
     138
     126
     123
     135
     122
     121
     125
     127
     130
     121
     137
     129
     125
      98
     120
     115
      99
      94
      96
     108
     107
     103
      91
      88
      82
      82
     103
     107
      99
      91
      79
      90
      78
      70
      75
      65
      79
      72
      68
      64
      64
      53
      58
      59
      66
      56
      58
      62
      51
      55
      67
      46
      52
      44
      52
      55
      52
      58
      44
      41
      48
      52
      56
      58
      31
      45
      49
      59
      35
      37
      43
      46
      44
      40
      39
      47
      43
      37
      34
      41
      38
      37
      26
      45
      41
      33
      22
      27
      23
      23
      24
      25
      27
      16
      26
      25
      22
      18
      29
      31
      21
      29
      33
      25
      27
      30
      14
      24
      16
      24
      15
      20
      33
      15
      25
      11
      30
      18
      21
      14
      19
      15
      19
      22
      19
      19
      18
      21
      17
      11
      14
      20
      22
      13
      16
      17
      20
       8
      22
      14
      21
      21
      13
      15
      14
      15
      16
      15
      21
      12
      10
      10
      12
      16
      17
      16
      21
      17
       9
      16
      21
      24
      16
      23
      16
      13
      13
      17
      12
      11
      11
      18
      18
      11
      19
      19
      14
      13
      16
      11
      13
      17
      21
      14
      22
      17
       8
      13
       4
      15
       6
      16
      12
      12
      16
       5
      13
      10
      17
       8
      12
      17
      13
       8
      11
       9
      10
      17
      12
       5
      11
      10
      10
      12
       9
      11
      11
       9
       7
       8
       8
       9
       9
       9
      10
      15
      11
       5
      11
       8
       7
       3
       7
       8
       8
       4
       8
       9
       4
      18
       0
      10
       9
       9
       8
       7
      13
       5
      12
      12
       6
       6
      12
       7
       7
      13
       7
      11
       6
       4
       8
      12
       6
       6
       8
       7
      11
       9
       7
      13
       5
       9
      11
       7
       6
      10
      12
       2
       9
       6
       5
       6
      13
       8
       7
       9
       6
       6
      12
       5
       7
       2
       8
       3
       7
       8
       5
       8
       8
      14
       8
       8
       8
       7
       5
       4
       4
       4
       7
       5
       7
       4
       7
      10
       8
       8
       8
       2
      12
       4
       6
       7
       2
       2
       3
       6
       9
       5
       7
       4
       6
       3
       6
       6
       3
       8
       5
       8
       6
       7
       4
       5
       8
       4
       6
       3
       7
       3
       8
       6
       5
       6
       2
       4
       4
      11
       3
       4
       6
       2
       8
       3
       4
       5
       2
       6
       3
       5
       3
       4
       6
       4
       3
       6
       2
       4
       5
       7
       6
       4
       9
       6
       7
       6
       7
       5
       7
       3
       3
       6
       8
       6
       7
       3
       9
       7
       6
       6
       6
       4
       5
       8
       5
       6
       3
       7
       5
       1
       6
       8
       6
       9
       4
       7
       3
       5
       5
       4
       8
       5
       3
       5
       9
       6
       4
       6
       6
       3
       5
       6
       5
       4
       9
       9
       7
       6
       2
       5
       6
       0
       4
       7
       2
       3
       2
       3
       4
       1
       8
       4
       3
       4
       3
       3
       5
       2
       3
       4
       3
       6
       3
       3
       5
       4
       1
       2
       2
       5
       9
       6
       2
       8
       3
       4
       3
       6
       4
       3
       5
       6
       4
       4
       3
       3
       1
       8
       3
       2
       3
       6
       4
       4
       2
       8
       4
       4
       4
       5
       5
       4
       5
       4
       2
       6
       1
       5
       3
       2
       9
       7
       3
       4
       1
       4
       4
       4
       6
       3
       4
       3
       3
       5
       4
       6
       3
       1
       9
       2
       6
       4
       3
       2
       6
       3
       5
       4
       3
       1
       4
       3
       6
       3
       3
       3
       5
       4
       2
       5
       3
       2
       5
       4
       3
       2
       1
       3
       1
       1
       0
       1
       1
       4
       1
       1
       2
       1
       4
       3
       4
       3
       3
       2
       2
       1
       0
       3
       2
       4
       3
       1
       1
       1
       2
       2
       3
       0
       1
       1
       1
       4
       0
       1
       1
       0
       2
       1
       0
       0
       0
       0
       1
       0
       2
       1
       1
       1
       1
       2
       0
       3
       1
       1
       1
       0
       3
       1
       0
       1
       0
       1
       1
       2
       1
       2
       0
       0
       1
       3
       0
       0
       3
       1
       1
       3
       0
       0
       0
       0
       2
       1
       0
       2
       2
       2
       1
       1
       3
       0
       0
       1
       2
       0
       1
       1
       1
       0
       3
       2
       1
       0
       0
       0
       1
       0
       1
       0
       1
       1
       2
       0
       0
       0
       1
       1
       1
       0
       0
       1
       3
       2
       0
       2
       0
       0
       1
       2
       1
       0
       1
       1
       0
       0
       1
       0
       0
       1
       2
       1
       2
       1
       2
       0
       0
       0
       1
       0
       0
       1
       0
       0
       0
       0
       0
       0
       0
       0
       1
       0
       0
       1
       1
       0
       0
       0
       0
       0
       0
       0
       0
       1
       0
       0
       0
       0
       0
       0
       2
       0
       0
       1
       1
       2
       0
       2
       0
       1
       1
       0
       0
       0
       0
       1
       1
       1
       0
       1
       1
       1
       0
       1
       0
       0
       0
       1
       0
       0
       0
       0
       0
       0
       0
       1
       0
       1
       1
       0
       1
       1
       1
       0
       0
       0
       0
       1
       0
       0
       0
       1
       0
       0
       0
       0
       0
       0
       0
       0
       0
       0
       0
       0
       0
       0
       1
       1
       0
       0
       1
       1
       0
       0
       0
       0
       0
       1
       0
       0
       0
       0
       0
       0
       0
       0
       0
       0
       0
       1
       0
       0
       3
       1
       0
       1
       0
       0
       0
       1
       0
       0
       0
       0
       0
       0
       0
       0
       0
       0
       0
       0
       0
       0
       0
       0
       2
       0
       0
       0
       0
       0
       0
       0
       0
       0
       0
       0
       0
       0
       1
       0
       0
       0
       0
       0
       1
       1
       0
       0
       0
       0
       0
       0
       0
       1
       0
       0
       0
       1
       1
       0
       0
       0
       0
       1
       1
       0
       0
       0
       0
       0
       0
       0
       0
       1
       0
       0
       0
       0
       0
       0
       0
       0
       0
       1
       0
       0
       0
       0
       0
       0
       0
       0
       0
       0
       0
       0
       1
       0
       1
       0
       1
       0
       0
       2
       0
       0
       0
       1
       0
       1
       0
       0
       1
       1
       0
       0
       0
       0
       0
       0
       0
$ROI:
0
$PRESETS:
Live Time
300
0
$ENER_FIT:
0.000000 2.163128
$MCA_CAL:
3
0.000000E+000 2.163128E+000 0.000000E+000 keV
$SHAPE_CAL:
3
3.599727E+001 0.000000E+000 0.000000E+000
