$SPEC_ID:
No sample description was entered.
$SPEC_REM:
DET# 2
DETDESC# SPACESCIENCE8 digiBASE-RH SN 15121449
AP# Maestro Version 7.01
$DATE_MEA:
09/25/2024 15:02:45
$MEAS_TIM:
204 205
$DATA:
0 1023
       0
       0
       0
       0
       0
       0
       0
       0
       0
       0
      12
      62
      55
      54
      80
      53
      68
      82
      67
     103
     106
     101
     105
     124
     132
     152
     132
     147
     157
     138
     182
     182
     176
     191
     211
     186
     220
     187
     177
     213
     207
     209
     197
     205
     200
     190
     187
     163
     197
     180
     185
     144
     146
     169
     148
     154
     155
     119
     149
     136
     107
     135
     125
     145
     118
     123
     110
     121
     118
     121
     120
     108
     117
     106
     107
     107
     109
     109
     105
     106
      98
      94
      97
      91
      83
     117
     102
      85
      86
      90
      99
      80
      89
      75
      82
      81
      89
      73
      76
      82
      76
      71
      65
      84
      86
      70
      68
      85
      72
      60
      60
      70
      96
      56
      72
      90
      72
      82
      78
      62
      59
      59
      65
      67
      67
      49
      58
      60
      73
      47
      58
      66
      56
      64
      55
      53
      57
      63
      55
      47
      51
      60
      45
      62
      43
      56
      43
      44
      57
      57
      34
      43
      35
      32
      56
      43
      43
      48
      38
      46
      51
      32
      36
      39
      54
      38
      36
      41
      42
      37
      32
      38
      37
      40
      44
      36
      37
      30
      33
      33
      38
      28
      32
      36
      38
      40
      26
      34
      32
      36
      28
      26
      28
      31
      25
      31
      39
      22
      21
      37
      25
      24
      23
      29
      27
      28
      24
      28
      20
      27
      18
      19
      20
      20
      21
      16
      23
      12
      15
      25
      21
      23
      14
      20
      22
      18
      20
      18
      17
      23
      24
      17
      16
      18
      26
      18
      15
      16
      19
      18
      19
      18
      20
      26
      19
      23
      26
      20
      13
      28
      15
      18
      19
      17
       9
      16
      14
      20
      15
      13
      16
      23
      17
      21
      12
      15
      19
      24
      12
      18
      18
      18
      16
      21
      15
      18
      19
      21
      24
      14
      21
      20
      14
      13
      23
      11
      10
      15
      13
      16
      18
      24
      17
      17
      18
      22
      20
      17
      15
      21
      17
      17
      17
      15
      24
      21
      16
      14
      16
      16
      15
      16
      18
      25
      20
      20
      17
      22
      21
      21
      20
      26
      23
      20
      25
      14
      20
      17
      23
      25
      12
      21
      18
      28
      21
      28
      15
      14
      20
      17
      15
      12
      15
      21
      17
      22
      18
      28
      17
      16
      12
      10
      16
      13
      10
      13
      14
       5
      14
      19
      14
      12
      10
      23
      10
      16
      11
       9
      10
      10
       7
       6
       8
      14
       6
      10
      14
       6
       5
       8
      10
      12
       1
       5
      10
       7
       9
       9
       5
      12
      12
       8
       8
       9
      10
      13
       7
       8
       3
      11
      10
      12
       6
       7
      14
       9
       9
       9
       7
      10
       9
       9
       9
       7
       5
      10
       4
      11
       6
      11
       8
       7
       8
       7
       3
       5
      10
       7
       3
       8
       9
       9
      12
       8
      14
       5
       8
      14
       8
       7
      11
       5
      13
       7
       9
       5
       6
       5
       8
       9
      12
       9
       9
       9
      11
       7
      10
       5
      11
      10
       9
       9
       7
       2
       3
       9
       8
      10
       8
       6
       9
      14
       8
       3
      10
       3
       8
       8
       6
       4
      12
       7
       7
       3
       8
       8
       5
       9
      10
       9
       7
       6
       5
      10
       8
       7
      11
       8
       8
      13
       6
       4
       7
       4
       7
       2
       9
       2
      11
       6
       1
       7
       7
       5
       9
       7
       8
       3
       9
       5
       4
       2
       3
       9
       4
       6
       7
       5
       5
       6
       6
       2
       7
       8
       7
       6
       4
       5
       4
       4
       3
       5
       7
       7
       6
       4
       3
       3
      11
       7
       6
       8
       6
       5
       3
       6
       8
       5
      11
       8
       6
       9
       6
       4
      13
       8
      11
      10
      12
      14
      16
      10
      15
      14
      15
      12
      10
      10
      18
      11
      22
      19
      13
      12
      18
      15
      16
      20
      15
      27
      16
      17
      21
      22
      18
      29
      26
      16
      17
      22
      26
      13
      19
      17
      21
      24
      24
      16
      24
      16
      20
      20
      23
      18
      14
      27
      17
      32
      19
      19
      15
      20
      24
      22
      24
      19
      19
      19
      22
      20
      10
      16
      16
      15
      21
      10
      15
      11
      16
      11
       9
      13
       7
      13
      10
      11
       5
      14
      15
       8
      10
       7
       9
      13
       7
       7
       9
      11
      20
      15
      14
      11
      15
      16
      13
      17
      12
      13
      13
      20
      12
      15
      21
       7
      16
      22
      14
      20
      12
      16
      18
      24
      17
      20
      25
      19
      25
      19
      25
      20
      21
      13
      14
      20
      24
      23
      17
      21
      15
      15
      24
      21
      15
      25
      24
      17
      17
      13
      13
      12
      17
      11
      15
      15
       7
      11
      14
       9
      11
      15
      18
       9
      11
       5
       9
      10
      13
       8
       8
       5
       6
       9
       7
       9
       5
       7
      13
       6
       5
      13
       4
       9
       6
      13
       6
       8
       6
      11
       3
      11
       7
       5
       5
       8
       5
       8
      13
      11
       4
       6
       9
       6
       6
       5
       7
       6
       5
       8
       3
       6
       2
       4
       3
       6
       5
       4
       8
       1
       3
       6
       3
       3
       4
       2
       7
       0
       5
       0
       2
       4
       3
       2
       3
       3
       1
       7
       0
       2
       5
       1
       1
       2
       2
       2
       2
       0
       2
       1
       2
       1
       2
       0
       2
       2
       3
       1
       2
       0
       2
       2
       2
       0
       3
       2
       1
       1
       0
       0
       0
       0
       0
       0
       2
       1
       0
       1
       1
       0
       0
       1
       1
       1
       1
       0
       1
       1
       2
       0
       2
       1
       0
       0
       0
       1
       0
       0
       0
       3
       1
       1
       0
       2
       2
       1
       0
       0
       3
       0
       1
       2
       1
       1
       2
       1
       0
       0
       4
       0
       2
       1
       0
       0
       0
       2
       2
       1
       3
       3
       2
       1
       2
       0
       2
       1
       3
       2
       2
       0
       0
       2
       2
       4
       2
       1
       1
       0
       1
       0
       3
       0
       0
       2
       0
       2
       0
       1
       0
       1
       2
       1
       0
       2
       1
       1
       0
       1
       1
       0
       2
       3
       0
       0
       0
       1
       0
       1
       1
       2
       1
       2
       1
       0
       1
       0
       2
       1
       3
       0
       4
       1
       0
       1
       0
       0
       0
       1
       1
       3
       0
       0
       0
       1
       1
       1
       0
       0
       1
       1
       0
       0
       0
       2
       1
       0
       0
       1
       1
       1
       1
       0
       0
       1
       0
       0
       0
       0
       0
       0
       0
       1
       0
       0
       1
       0
       1
       0
       0
       1
       0
       0
       0
       0
       0
       0
       1
       2
       1
       1
       0
       0
       0
       0
       0
       1
       1
       0
       0
       1
       0
       0
       1
       0
       0
       0
$ROI:
3
6 55
212 320
787 895
$PRESETS:
None
0
0
$ENER_FIT:
0.000000 2.204597
$MCA_CAL:
3
0.000000E+000 2.204597E+000 0.000000E+000 keV
$SHAPE_CAL:
3
1.191474E+001 0.000000E+000 0.000000E+000
