$SPEC_ID:
No sample description was entered.
$SPEC_REM:
DET# 2
DETDESC# SPACESCIENCE8 digiBASE-RH SN 15121449
AP# Maestro Version 7.01
$DATE_MEA:
09/25/2024 14:48:51
$MEAS_TIM:
200 200
$DATA:
0 1023
       0
       0
       0
       0
       0
       0
       0
       0
       0
       0
      12
      59
      61
      81
      67
      59
      84
      82
      88
      93
      80
     112
     103
     127
     120
     129
     145
     131
     184
     144
     167
     164
     164
     200
     174
     186
     186
     189
     197
     202
     184
     186
     181
     162
     213
     198
     185
     184
     174
     193
     145
     124
     157
     149
     139
     133
     146
     137
     114
     131
     146
      98
     120
     125
     113
     106
     102
     122
     117
     112
     104
      90
     113
     123
      95
     109
     112
     118
      99
      94
      96
      95
      89
     118
      77
      83
      86
      85
      96
      80
      77
      76
      71
      78
      79
      68
      80
      76
      67
      72
      66
      87
      73
      77
      68
      69
      80
      75
      64
      70
      63
      67
      69
      66
      72
      57
      58
      71
      76
      77
      66
      70
      53
      53
      64
      63
      63
      57
      60
      56
      51
      61
      54
      55
      37
      47
      39
      45
      54
      46
      49
      39
      35
      58
      59
      37
      32
      43
      39
      47
      50
      43
      31
      27
      35
      40
      51
      35
      53
      43
      44
      24
      29
      43
      50
      37
      33
      32
      24
      32
      33
      39
      38
      46
      39
      29
      29
      31
      26
      26
      36
      39
      27
      28
      33
      19
      28
      22
      35
      24
      29
      28
      24
      29
      24
      25
      29
      29
      30
      27
      29
      26
      21
      16
      34
      18
      25
      22
      14
      16
      17
      23
      14
      20
      29
      23
      23
      18
      24
      16
      24
      18
      25
      23
      19
      14
      21
      24
      22
      23
      19
      13
      20
      23
      22
      23
      22
      15
      15
      21
      17
      17
      18
      14
      22
      15
       9
      14
      15
      15
      21
      18
      16
      17
      20
      17
      12
      16
      15
      21
      22
      15
      19
      15
      13
      19
      19
      13
      12
      10
      10
      14
      20
       8
       8
       8
      11
      15
      13
      19
      16
      11
      15
      20
      17
      13
      15
      16
      16
      18
      17
      16
      15
       9
      13
      20
      13
      15
      10
      19
      19
      15
      23
      16
      19
      14
      13
      19
      10
      17
      23
      14
      13
      14
      17
       7
      13
      16
      23
      13
      16
       9
      17
      12
      12
      19
      17
      16
      15
      17
      16
      11
      25
      18
      17
      15
      12
      21
      19
      14
      11
      11
      22
      11
      14
      10
      14
      15
       9
       6
      14
      11
      14
      11
      15
       7
       7
       4
      15
      18
       8
       9
       8
      13
      14
      11
       9
       3
       7
      11
      12
      15
      11
       6
      11
       8
       4
      16
       7
       6
       9
      15
       7
      12
      10
       8
       5
      11
       7
       5
      10
       9
       8
      10
       6
       7
       6
       8
       7
       3
       8
       4
      10
       5
       8
      13
       6
       8
       6
       7
      10
      13
       8
       5
       4
       1
      12
       6
      14
       9
       4
       7
       6
       7
       4
       7
       4
      10
       7
       8
       5
       5
       3
       2
       6
       6
       7
       8
       6
       6
       7
       9
       5
       6
       6
       4
       6
       7
       6
       6
       7
       3
       5
      10
       6
       7
       6
       9
      14
       5
       9
       8
       7
       8
       9
       4
       3
       6
       3
       6
       6
       8
       6
       6
       7
       6
       8
       7
       9
       6
       4
      13
       9
       7
       6
       6
      10
       6
      10
       6
       8
       8
       4
       5
       8
       8
       5
       2
       2
       3
       4
       6
       3
       3
       7
       4
       5
       3
       7
       8
       9
       8
       3
       3
       4
       8
       5
       5
       6
       7
       4
       4
       3
       5
       8
       7
       2
       4
       7
       7
       4
       5
       4
       1
       4
       4
       7
       3
       3
       5
       3
       4
       2
       2
       3
       8
       3
       3
       2
       6
       2
       3
       4
       6
       5
       2
       4
       3
       5
       6
       6
       3
       4
       5
       7
       2
       5
       6
       3
       7
       7
      12
       8
       5
       9
       6
       4
       4
       9
       9
      12
      14
      10
       6
      14
       6
       6
      11
       9
      13
       7
      15
       9
      14
      17
      14
       9
      21
       5
      17
      21
       9
      13
      18
      11
      18
      14
      12
      11
      24
      10
      14
      13
       8
      14
      19
      14
      10
      10
      12
       6
      18
      18
      18
      12
       9
      13
      14
       9
      10
      13
      12
      11
      10
      13
       6
       9
       9
       7
       8
      11
      10
      10
       8
       2
       8
       5
       7
       9
      11
       5
      10
       5
      11
       8
       6
       6
       4
       6
       4
       8
       6
       8
      11
       5
      12
      12
       5
      10
      14
       8
       9
       9
       6
       7
      14
      13
      13
      16
      12
       6
      10
      22
      10
      12
      17
      12
      19
       9
      19
      15
      20
      13
      16
       7
      10
      11
       9
      10
      20
      14
      10
      14
      12
      14
      16
      14
      13
      10
      15
       7
      12
      14
       7
       8
      10
       8
      12
      10
      12
      13
       8
       9
       5
      13
      10
      11
      12
       7
      12
      11
       9
       8
      10
       8
       9
       4
       7
      11
       9
       7
       4
       6
       6
       7
       6
       7
       5
       9
       5
       5
       5
      11
       5
       7
       3
       4
      10
       4
       4
       3
       7
       7
       4
       3
       4
       8
       8
       9
       2
       5
       4
       4
       9
       6
       6
       5
       2
       4
       3
       6
       5
       3
       4
       7
       7
       2
       1
       4
       4
       2
       6
       2
       3
       7
       2
       3
       1
       5
       4
       1
       2
       0
       1
       2
       4
       1
       1
       1
       0
       2
       2
       3
       1
       3
       0
       0
       1
       1
       1
       3
       0
       2
       3
       1
       1
       0
       1
       1
       5
       1
       0
       1
       1
       1
       0
       0
       1
       1
       0
       2
       1
       1
       1
       0
       1
       0
       1
       1
       2
       1
       1
       1
       0
       3
       0
       0
       1
       3
       2
       1
       1
       2
       0
       1
       1
       1
       2
       0
       0
       1
       0
       1
       2
       0
       4
       1
       3
       1
       1
       1
       2
       2
       2
       1
       1
       2
       1
       1
       0
       0
       1
       1
       1
       0
       2
       0
       1
       0
       0
       1
       2
       2
       2
       1
       2
       0
       2
       1
       3
       2
       1
       1
       1
       1
       1
       0
       0
       2
       1
       0
       2
       2
       3
       2
       1
       0
       2
       3
       0
       1
       2
       0
       0
       1
       2
       3
       0
       0
       1
       2
       1
       1
       1
       1
       0
       0
       1
       0
       1
       1
       0
       2
       1
       1
       0
       2
       1
       2
       0
       1
       1
       0
       0
       0
       0
       1
       0
       0
       2
       1
       1
       0
       1
       1
       2
       1
       0
       0
       1
       0
       1
       1
       2
       0
       2
       1
       0
       0
       0
       2
       0
       1
       1
       1
       1
       0
       0
       0
       0
       0
       1
       0
       0
       0
       1
       0
       0
       0
       0
       0
       0
       0
       1
       0
       0
       0
       0
       2
       0
       0
       0
       0
       0
$ROI:
3
6 55
212 320
787 895
$PRESETS:
None
0
0
$ENER_FIT:
0.000000 2.204597
$MCA_CAL:
3
0.000000E+000 2.204597E+000 0.000000E+000 keV
$SHAPE_CAL:
3
1.191474E+001 0.000000E+000 0.000000E+000
