$SPEC_ID:
No sample description was entered.
$SPEC_REM:
DET# 2
DETDESC# SPACESCIENCE8 digiBASE-RH SN 15121449
AP# Maestro Version 7.01
$DATE_MEA:
09/25/2024 14:57:43
$MEAS_TIM:
200 200
$DATA:
0 1023
       0
       0
       0
       0
       0
       0
       0
       0
       0
       0
       7
      48
      64
      62
      77
      68
      69
      80
      87
     106
      94
     105
     101
     123
     124
     136
     138
     148
     158
     149
     187
     167
     183
     187
     181
     189
     214
     204
     164
     222
     207
     195
     190
     185
     152
     158
     178
     198
     166
     136
     144
     125
     135
     150
     156
     112
     161
     153
     119
     135
     133
     115
     139
     122
     129
     121
     108
     136
     107
     119
     131
     118
     111
      93
     111
      86
     101
     111
     104
      79
      95
     105
      89
      94
      62
      86
     102
     104
      91
      93
      84
      85
      93
      75
      70
      79
      75
      74
      78
      71
      91
      75
      76
      58
      68
      76
      65
      75
      72
      68
      72
      63
      66
      54
      58
      75
      68
      69
      60
      51
      69
      61
      65
      51
      63
      58
      66
      61
      57
      48
      44
      50
      55
      64
      42
      34
      50
      45
      50
      58
      50
      55
      48
      45
      39
      53
      49
      62
      51
      39
      43
      32
      43
      48
      41
      38
      38
      45
      33
      35
      38
      38
      39
      41
      40
      45
      38
      41
      40
      38
      35
      32
      36
      39
      38
      32
      30
      33
      44
      34
      35
      41
      23
      32
      38
      33
      27
      33
      32
      30
      33
      27
      27
      35
      30
      20
      36
      31
      21
      34
      31
      22
      24
      28
      20
      30
      20
      19
      13
      27
      21
      31
      18
      24
      23
      24
      22
      15
      19
      21
      21
      20
      25
      13
      14
      19
      27
      14
      17
      19
      16
      15
      13
      16
      17
      19
      15
      21
      15
      17
      17
      14
      19
      21
      17
      16
      15
      14
      20
      26
      20
      17
      24
      16
      19
      27
      18
      14
      19
      13
      11
      20
      20
      19
      14
      11
      17
      17
      16
      17
      17
      15
      13
      15
      14
      16
      15
      19
      12
      17
      16
      14
      20
      14
      13
      16
       9
      22
      12
      12
      12
      11
      21
      12
       8
      13
      19
      12
      20
      21
      21
      14
      17
      16
      16
      29
      12
      13
      18
      21
      13
      15
      14
      19
      17
       9
      22
      16
      18
      13
      21
      10
      17
      21
      14
      11
      18
      12
       7
      16
      12
      19
      14
      13
      16
      19
      19
      10
      11
      15
      14
      15
      12
       4
      14
      17
      11
      10
      12
       9
      14
      11
      12
       9
      13
      10
      12
      13
      10
      16
      13
       9
       8
      16
      12
      11
       2
       9
       7
       9
      11
       9
       6
       9
       6
      14
       7
      14
      11
       6
       8
       8
      10
      10
      10
       2
       6
      11
       9
       5
      11
       8
       9
       9
      10
       9
       7
       6
       7
       7
      10
       7
       7
       7
       5
       7
       5
      11
      12
       5
      10
       7
      11
       5
      15
       8
      13
       8
       5
      10
       5
       6
       7
       7
       8
       3
       7
       9
       2
       7
      11
       8
       7
       6
       9
      10
       9
      10
      11
       8
       7
       6
       9
       6
      15
       8
       5
       9
      11
       7
       9
       5
       9
       4
      11
      10
       3
       9
       8
       8
       8
      13
       8
       7
       5
       7
      13
       5
       9
      10
       4
       4
       8
       8
       8
       4
       3
       5
       9
      11
       7
       6
       8
       7
       5
       4
       7
       3
       9
      11
       7
       7
       6
      11
       2
       7
       6
       7
       8
       6
       6
       3
       1
       6
       2
       3
       5
       3
       9
       4
       4
       1
       2
       4
       5
       3
       7
       8
       4
       6
       4
       8
       8
       9
       3
       6
       4
       4
       7
       5
       2
       6
       4
       2
       3
       8
       6
       5
      12
       7
       6
       7
       2
       3
       5
       4
       6
       3
       5
       5
       3
       4
       3
       2
       7
       5
       6
       7
       3
       8
      13
      11
       9
       5
       6
       8
       5
       7
       8
       9
      10
       6
       8
       9
       5
       6
       8
      11
      12
      15
      14
      15
      11
      10
      13
      18
      15
       9
       9
      11
      10
      18
      16
      15
      19
      25
      15
      20
      15
      13
      14
      12
      16
      22
      18
      16
      20
      30
      24
      19
      12
      14
      29
      24
      14
      15
      17
      18
       9
      16
      18
      20
      22
      14
      10
      12
      13
      13
      19
      12
      18
      13
      23
      17
       7
      13
       8
      17
       6
       6
       5
       7
       9
       8
      10
      12
      13
       8
      11
      12
      10
      12
       8
       4
      10
       8
      11
       8
      10
      12
      12
      12
       9
      12
       6
       6
      11
      15
       8
      14
      13
      13
       8
      11
      11
      17
      12
       9
      14
      14
      17
       8
      23
      12
      14
      19
      15
      18
      19
      21
      21
      13
      23
      16
      16
      11
      13
       9
      15
      22
      14
       9
      15
      18
      15
      11
      15
      16
      19
      17
      11
      10
      14
      13
      12
      10
       7
       7
      14
       9
      15
       7
      10
       7
       9
      18
       8
       5
       9
      11
      12
       7
       9
       5
       9
       4
       4
      10
       7
       8
       7
       5
       6
       6
       8
       5
       6
      12
       7
       6
       6
       5
       8
       6
       3
       7
       9
       3
       6
      12
      10
       6
       2
       7
       6
       2
       6
       2
       4
       2
       4
       6
      10
       5
       5
       4
       6
       7
       3
       2
       1
       4
       2
       5
       4
       3
       7
       1
       2
       6
       8
       4
       2
       4
       4
       4
       3
       1
       3
       0
       3
       1
       2
       4
       0
       3
       3
       1
       2
       2
       2
       2
       3
       3
       0
       6
       3
       0
       3
       1
       0
       2
       2
       3
       1
       0
       2
       1
       0
       3
       3
       0
       0
       1
       1
       0
       0
       1
       1
       2
       2
       1
       1
       0
       0
       2
       1
       1
       1
       1
       2
       4
       1
       3
       1
       2
       1
       0
       1
       0
       0
       1
       0
       1
       1
       1
       1
       1
       0
       1
       1
       0
       1
       2
       0
       1
       0
       0
       0
       3
       1
       0
       1
       4
       2
       0
       2
       3
       0
       0
       1
       1
       2
       1
       3
       3
       2
       2
       0
       4
       3
       2
       1
       2
       1
       2
       0
       0
       2
       1
       5
       1
       2
       1
       0
       5
       1
       2
       0
       0
       1
       2
       3
       1
       1
       3
       1
       1
       1
       0
       2
       1
       0
       0
       2
       1
       0
       1
       1
       1
       2
       0
       2
       1
       2
       0
       0
       2
       2
       0
       0
       1
       0
       0
       1
       2
       0
       0
       0
       0
       2
       0
       0
       0
       1
       0
       0
       1
       0
       1
       0
       1
       1
       0
       0
       1
       1
       0
       0
       1
       1
       1
       0
       1
       0
       0
       0
       1
       0
       1
       0
       0
       0
       0
       0
       0
       1
       0
       0
       0
       0
       1
       1
       0
       0
       0
       0
       1
       0
       0
       0
       0
       0
       0
       1
       0
       0
       1
       1
       0
       1
       0
       0
       0
$ROI:
3
6 55
212 320
787 895
$PRESETS:
None
0
0
$ENER_FIT:
0.000000 2.204597
$MCA_CAL:
3
0.000000E+000 2.204597E+000 0.000000E+000 keV
$SHAPE_CAL:
3
1.191474E+001 0.000000E+000 0.000000E+000
