$SPEC_ID:
No sample description was entered.
$SPEC_REM:
DET# 1
DETDESC# SPACESCIENCE4 digiBASE-RH SN 15121435
AP# Maestro Version 7.01
$DATE_MEA:
09/23/2024 15:43:34
$MEAS_TIM:
300 300
$DATA:
0 1023
       0
       0
       0
       0
       0
     109
     321
     182
      97
      85
      90
     116
     119
     148
     130
     120
     135
     103
     103
      86
      96
      91
      97
      95
     103
     137
     124
     155
     145
     151
     198
     166
     212
     199
     222
     236
     229
     226
     242
     218
     214
     221
     256
     233
     242
     249
     233
     254
     224
     226
     250
     252
     235
     214
     229
     213
     217
     228
     223
     216
     207
     194
     210
     196
     178
     188
     161
     168
     175
     163
     173
     136
     190
     144
     143
     153
     138
     142
     153
     138
     134
     150
     119
     126
     146
     123
     136
     128
     140
     107
     118
     100
      92
      97
     111
     101
     103
      94
     103
      99
      99
     112
     107
      99
      83
      84
      80
      77
      76
      91
      68
      78
      64
      70
      78
      75
      53
      71
      70
      63
      58
      66
      63
      57
      59
      49
      58
      68
      57
      48
      58
      58
      58
      56
      45
      57
      44
      48
      54
      51
      50
      41
      53
      33
      51
      48
      48
      34
      45
      34
      34
      44
      40
      41
      34
      24
      33
      42
      46
      31
      38
      34
      41
      28
      28
      29
      35
      29
      23
      30
      25
      20
      25
      33
      33
      22
      23
      19
      24
      30
      21
      23
      21
      26
      28
      22
      21
      17
      26
      27
      21
      25
      23
      28
      16
      20
      26
      25
      26
      20
      10
      21
      15
      19
      16
      29
      16
      18
      18
      16
      17
      20
      20
      15
      14
      18
      19
      22
      16
      15
      15
      19
      19
      14
      11
      14
      11
      23
      24
      16
      15
      18
      16
      20
      14
      17
      11
      19
      20
       9
      17
      15
      14
      14
      14
       9
       9
      15
      10
      13
      15
      20
       8
       8
      13
      14
      12
      17
      20
      13
      11
      10
      13
      15
      16
      15
      15
      14
      11
      15
      14
      20
      10
      16
      15
      13
      15
      11
      13
      14
       8
      12
      11
      18
      10
      13
      13
      11
      14
       7
      16
      10
      10
       9
      14
      10
      20
      11
      12
      13
      14
       5
      17
      12
       9
       8
       6
       4
       9
       5
       8
       9
      13
      11
       4
       5
       6
       9
       5
       7
       5
      17
       4
       7
       9
       6
       7
      10
      12
       5
       5
      14
       8
       8
       7
      12
       5
       9
      11
       8
      13
       4
       7
       8
      10
      10
       9
      11
      11
       9
       4
       8
       7
      13
       5
       7
       5
      10
      11
      11
      14
       7
       8
       7
      11
      13
       6
      12
       6
       9
      14
       2
       4
       4
       4
       8
      11
       9
      10
       5
       8
       7
       3
       6
       8
       7
       6
       6
      10
       9
       9
       5
       5
       6
       5
       3
      11
      10
       8
       8
       7
       8
       5
       6
      11
       5
      11
       1
      10
       8
       6
       5
       8
       6
      11
       6
       7
       7
       6
       5
       7
       6
      10
       7
       9
       6
       6
      10
      10
       6
       4
      10
       4
       8
       4
       5
       5
       5
       7
       5
       3
       4
       7
       6
       8
       8
       3
       8
       4
       6
       4
       7
       8
       5
      11
       2
       4
       6
       3
       5
       3
       2
       7
       5
       7
       3
       8
       3
       3
       7
       5
       7
       5
       6
       7
       8
       4
       5
       3
       5
       8
       6
       6
       6
       8
       7
       9
       7
       7
       6
       7
      15
       7
       4
       8
       2
      11
       7
       2
       7
       1
      11
       9
       4
       8
       4
       6
       5
       5
       5
       2
       6
       4
       5
       3
       4
       3
       5
       5
       4
       5
       4
       7
       6
       5
      10
       3
       3
       7
       6
       5
       4
       2
       4
       7
       3
       4
       4
       3
       4
       4
       5
       3
       3
       4
       9
       7
      10
       8
       6
       4
       3
       1
       8
       4
       9
       5
       4
       4
       2
       5
       5
      10
       1
       5
       4
       3
       7
      10
       5
       5
       7
       2
       1
       2
       7
       4
       2
       5
       7
       5
       4
       5
       6
       4
       8
       1
       4
       2
       5
       4
       3
       3
       4
       7
       1
       4
       8
       2
       7
       1
       2
       3
       3
       3
       4
       5
       3
       7
       6
       4
       3
       3
       3
       4
       1
       5
       4
       4
       2
       3
       5
       6
       3
       2
       5
       3
       2
       3
       3
       5
       5
       5
       3
       2
       2
       3
       0
       3
       5
       1
       1
       4
       2
       1
       1
       2
       1
       4
       2
       4
       0
       1
       4
       2
       1
       1
       1
       1
       1
       3
       2
       1
       1
       0
       3
       0
       4
       2
       1
       1
       0
       0
       0
       2
       1
       1
       2
       0
       2
       0
       2
       3
       1
       0
       1
       2
       3
       1
       0
       1
       0
       2
       0
       0
       1
       0
       1
       1
       2
       1
       3
       0
       0
       0
       0
       3
       1
       0
       1
       1
       2
       0
       2
       2
       0
       1
       0
       2
       0
       1
       2
       1
       1
       0
       1
       0
       1
       0
       0
       1
       3
       0
       1
       2
       1
       0
       0
       1
       2
       1
       2
       0
       3
       1
       3
       1
       1
       1
       0
       3
       1
       0
       1
       0
       0
       1
       0
       0
       0
       3
       1
       2
       0
       0
       1
       0
       2
       1
       0
       0
       0
       1
       1
       0
       0
       0
       1
       1
       0
       1
       2
       1
       0
       1
       2
       0
       1
       1
       0
       1
       0
       1
       0
       2
       0
       0
       0
       2
       0
       2
       3
       0
       0
       1
       0
       0
       1
       0
       2
       0
       0
       0
       0
       0
       0
       0
       1
       0
       0
       0
       0
       1
       0
       0
       2
       0
       0
       0
       1
       0
       1
       2
       0
       1
       0
       1
       1
       0
       1
       0
       0
       0
       0
       1
       1
       1
       0
       0
       1
       0
       0
       0
       1
       1
       0
       1
       0
       0
       2
       1
       1
       0
       0
       0
       0
       0
       0
       0
       1
       2
       0
       0
       0
       2
       0
       0
       0
       1
       0
       0
       1
       1
       0
       1
       0
       0
       1
       0
       0
       0
       0
       0
       0
       0
       0
       1
       0
       0
       0
       0
       0
       0
       2
       1
       0
       0
       0
       0
       0
       1
       0
       0
       0
       0
       1
       0
       0
       0
       0
       0
       0
       0
       1
       0
       1
       0
       0
       0
       1
       0
       1
       0
       0
       0
       0
       1
       0
       2
       0
       0
       0
       0
       0
       0
       1
       1
       0
       0
       0
       0
       0
       0
       0
       0
       0
       1
       0
       0
       0
       0
       0
       0
       0
       1
       0
       1
       0
       0
       0
       0
       0
       0
       0
       0
       0
       1
       0
       0
       0
       0
       0
       0
       1
       1
       0
       1
       0
       0
       0
       1
       0
       0
       0
       0
       0
       0
       0
       0
       0
       0
       0
       0
       0
       0
       0
       0
       0
       0
       1
       0
       0
       0
       0
       0
       0
       1
       0
       0
       0
       0
       0
       1
       0
$ROI:
0
$PRESETS:
Live Time
300
0
$ENER_FIT:
0.000000 2.163128
$MCA_CAL:
3
0.000000E+000 2.163128E+000 0.000000E+000 keV
$SHAPE_CAL:
3
3.599727E+001 0.000000E+000 0.000000E+000
