$SPEC_ID:
No sample description was entered.
$SPEC_REM:
DET# 2
DETDESC# SPACESCIENCE8 digiBASE-RH SN 15121449
AP# Maestro Version 7.01
$DATE_MEA:
09/25/2024 14:53:37
$MEAS_TIM:
200 200
$DATA:
0 1023
       0
       0
       0
       0
       0
       0
       0
       0
       0
       0
      15
      67
      60
      65
      72
      58
      69
      78
      88
      90
      89
      99
      95
     119
     119
     130
     128
     137
     153
     162
     148
     186
     173
     175
     187
     186
     199
     179
     192
     210
     217
     186
     188
     199
     166
     192
     167
     183
     141
     161
     154
     140
     143
     141
     124
     143
     161
     127
     134
     110
     127
     119
     121
     120
     136
     128
      92
     133
     132
     122
     116
     130
     117
     108
     100
      98
     106
     109
      83
      99
     104
      92
      89
      71
      89
     101
     101
      92
      95
      86
      90
      84
      72
      86
      96
      76
      82
      87
      97
      95
      80
      67
      65
      80
      64
      62
      67
      69
      58
      60
      71
      78
      67
      71
      79
      57
      46
      57
      72
      60
      65
      66
      50
      47
      72
      53
      68
      54
      56
      53
      51
      54
      57
      48
      51
      65
      45
      50
      51
      49
      47
      47
      45
      53
      38
      51
      48
      50
      41
      44
      47
      43
      40
      41
      48
      38
      36
      47
      32
      46
      52
      39
      32
      31
      36
      46
      36
      27
      41
      34
      34
      43
      31
      29
      34
      40
      31
      32
      38
      34
      39
      32
      30
      25
      32
      27
      31
      34
      24
      29
      23
      24
      21
      28
      24
      29
      18
      25
      11
      32
      26
      23
      22
      26
      30
      29
      25
      20
      21
      20
      15
      25
      17
      23
      19
      31
      17
      22
      21
      22
      23
      21
      18
      27
      17
      13
      19
      23
      22
      20
      23
      22
      21
      17
      17
      20
      19
      19
      17
      19
      21
      26
      22
      21
      20
      17
      13
      24
      23
      21
      19
      17
      12
      12
      15
      14
      22
      13
      13
      15
      19
      18
      19
      16
      13
      17
      14
      10
      16
      16
      12
      10
      19
      14
      19
      12
      18
      14
      13
      18
      14
       7
      17
      12
      15
      18
      19
      13
      19
      12
      23
      20
      18
      13
      18
      12
      14
      10
      16
      14
      19
      14
      19
      20
      20
      11
      16
      15
      11
      12
      27
      21
      17
      17
      20
      18
      17
      17
      20
      16
      14
      18
      17
      19
      20
      14
      17
      24
      16
      16
      18
      21
      18
      17
      10
      17
      18
      18
      17
      19
      10
      11
      17
      15
      11
      12
      18
      11
      16
      13
       7
      13
      10
       7
      11
       6
       6
      10
       7
       7
      11
      12
      14
      14
      13
      11
      15
      12
      14
      15
       6
       5
      11
       9
      10
       3
      10
      14
       2
      12
       4
      10
      13
       8
       8
       8
       4
      11
      13
       7
      10
       9
       6
       8
      11
       6
      12
       4
       7
      10
       9
       6
       7
       3
       7
      12
       7
      11
      11
       4
       5
       4
       8
       9
      10
      11
       6
       9
       9
       4
       7
      11
       7
       9
       7
       3
       9
       5
       5
       8
       6
       8
       8
       6
       5
       6
      10
       8
       8
       7
       6
      11
       6
      10
       5
       4
       9
      12
       5
       7
       8
       6
       4
       7
       4
       9
       5
       4
       5
       9
       7
      12
       5
      10
       8
       3
       4
       4
       5
       6
      10
      10
      13
       6
       5
       9
       8
       7
      10
      10
       8
       6
       6
      12
       8
       7
       2
       3
       6
       8
       9
      11
       6
       5
       5
       4
       2
       4
       7
       3
       3
       8
       4
       3
       7
       5
       4
       4
       2
       7
       7
       9
       2
       9
       7
       2
       4
       2
       4
       0
       7
       8
       3
       5
       3
       5
       6
       3
       3
       4
       1
       6
       4
       3
       3
       5
       7
       5
       3
       4
       5
       2
       3
       3
       3
       6
       8
       7
       1
       3
       9
       2
       6
       4
       5
       3
       4
       6
       0
       7
       6
       7
      10
      10
       4
       5
       5
       6
       8
       5
      10
       4
      11
       9
       5
       8
       8
       5
      16
      16
       7
       5
      11
       9
      17
       7
      12
      12
       7
      13
      10
      13
      15
      12
      19
      10
      13
      12
      24
      13
      17
      16
      13
      11
      17
      16
      24
      14
      20
      27
      15
       9
      16
      21
      17
      20
       8
      13
      14
      23
       8
      16
      15
      12
      11
      12
      11
      13
       9
       9
      16
      12
      14
      10
      10
       8
      12
      12
      11
      10
       7
       6
       6
      10
       8
       8
      11
      10
      11
       6
       9
       7
       5
       7
      10
       5
      11
       7
      14
      11
       9
      12
      11
       8
      10
       7
      14
       5
       9
      10
       9
      10
       7
       9
      14
      11
       9
      14
      10
      14
      14
      14
      12
      12
      14
      21
      11
      11
      12
       6
      11
      18
       8
      15
      16
      16
      13
       9
      10
      16
      19
      16
      13
       7
      11
      13
      11
       9
      13
      12
      13
       9
       9
       9
       7
      14
      14
       5
      11
       7
       6
       8
       4
       8
      14
       7
      11
       8
       4
       8
       6
       3
       6
       6
       9
       6
      11
       8
       6
       4
       9
       8
       7
      10
       6
      13
       3
       5
       8
       4
       5
       3
       5
       7
       3
       5
       8
      10
       6
       5
       4
       3
       9
       4
       4
       3
       2
      10
       7
       5
       6
       5
       0
       3
       4
       6
       6
       8
       6
       5
       3
       6
       5
       9
       7
       3
       4
       2
       5
       4
       4
       2
       2
       3
       4
       3
       3
       1
       1
       6
       5
       2
       2
       1
       1
       3
       0
       1
       3
       5
       2
       1
       0
       1
       1
       2
       0
       0
       1
       3
       1
       1
       1
       0
       0
       0
       2
       2
       0
       3
       0
       1
       2
       2
       0
       0
       0
       0
       0
       0
       0
       2
       0
       2
       2
       0
       1
       0
       0
       1
       1
       1
       0
       4
       1
       0
       1
       3
       2
       2
       1
       0
       0
       1
       0
       1
       0
       1
       0
       0
       1
       1
       2
       2
       0
       0
       2
       0
       2
       0
       0
       0
       3
       1
       1
       1
       4
       0
       1
       1
       1
       2
       0
       1
       2
       2
       3
       3
       2
       1
       1
       2
       0
       0
       1
       1
       0
       3
       1
       0
       1
       1
       1
       1
       4
       0
       2
       1
       1
       2
       2
       0
       2
       1
       2
       2
       2
       0
       1
       0
       4
       0
       1
       0
       1
       2
       1
       4
       0
       1
       0
       2
       0
       2
       1
       0
       2
       0
       1
       0
       0
       1
       1
       0
       0
       1
       0
       3
       0
       0
       0
       0
       0
       1
       2
       0
       2
       0
       1
       0
       0
       0
       0
       0
       0
       0
       0
       0
       1
       0
       0
       0
       1
       1
       0
       0
       0
       1
       0
       0
       0
       0
       1
       0
       0
       1
       2
       1
       0
       1
       1
       0
       0
       0
       0
       0
       0
       0
       0
       0
       0
       0
       0
       0
       0
       0
       0
       0
       0
       0
       0
       2
       1
       0
$ROI:
3
6 55
212 320
787 895
$PRESETS:
None
0
0
$ENER_FIT:
0.000000 2.204597
$MCA_CAL:
3
0.000000E+000 2.204597E+000 0.000000E+000 keV
$SHAPE_CAL:
3
1.191474E+001 0.000000E+000 0.000000E+000
