$SPEC_ID:
No sample description was entered.
$SPEC_REM:
DET# 1
DETDESC# SPACESCIENCE4 digiBASE-RH SN 15121435
AP# Maestro Version 7.01
$DATE_MEA:
09/23/2024 14:32:17
$MEAS_TIM:
300 300
$DATA:
0 1023
       0
       0
       0
       0
       0
     101
     279
     170
     105
      97
      83
     120
     103
     139
     149
     162
     107
     122
      90
      86
      88
      93
      91
     108
     121
     115
     128
     156
     154
     160
     199
     155
     200
     207
     193
     238
     228
     243
     217
     229
     258
     230
     235
     266
     254
     229
     217
     244
     244
     219
     220
     254
     219
     222
     220
     197
     207
     217
     206
     196
     200
     217
     173
     186
     159
     196
     174
     178
     194
     180
     148
     141
     169
     163
     129
     146
     152
     115
     139
     154
     130
     144
     114
     136
     132
     121
     134
     101
     114
     112
     102
     123
     109
     107
      88
      98
     121
      83
      89
      92
     105
      92
      99
      74
      97
      72
      86
      78
      84
      66
      87
      71
      75
      69
      68
      61
      60
      68
      64
      63
      58
      52
      56
      63
      49
      51
      49
      47
      62
      51
      47
      52
      45
      66
      47
      63
      44
      55
      54
      29
      35
      47
      45
      46
      49
      42
      44
      32
      44
      26
      32
      23
      42
      36
      35
      25
      35
      41
      32
      31
      35
      29
      24
      30
      31
      34
      20
      30
      23
      25
      33
      21
      30
      25
      30
      21
      33
      28
      31
      29
      18
      28
      35
      22
      24
      19
      20
      20
      17
      16
      17
      17
      25
      14
      14
      18
      31
      18
      14
      25
      17
      17
      12
      18
      19
      18
      19
      13
      13
      13
      24
      16
      13
      19
      16
      10
      14
      25
       8
      12
      18
      21
      18
      16
       9
      13
      18
      21
      12
      20
      14
      13
      20
      15
       7
      23
       9
      14
      12
      13
      16
       5
      13
      15
      12
      11
      16
      12
      13
      12
      11
      12
      15
      22
      14
      12
      18
      14
      14
      17
      10
      13
      10
      11
       9
      20
      16
      12
      16
      11
      14
      15
      10
      14
      13
       6
      10
      14
      10
       9
      10
       8
      11
      14
       5
       7
      14
       6
       5
      13
       5
       8
      10
       7
       6
       7
       9
       5
      14
       4
       8
      13
      10
      13
       8
       5
       8
       9
       6
       8
       7
       6
       3
       3
       6
      11
      11
      12
       4
       6
      11
       3
       8
      12
       6
       7
       6
       4
      12
       2
       6
      11
       7
       1
       5
       8
      12
       7
      11
       7
       9
       6
      10
       8
       6
       8
       9
       8
       5
       6
      10
       2
       4
       7
       8
       9
       5
       7
       5
       8
       3
       5
       7
       8
       8
       8
       9
       4
       7
       4
       9
       9
       5
       8
       7
       8
       6
       6
       6
       5
      11
       8
       7
       7
       6
       6
       8
       6
       5
      11
       7
       4
       8
       9
       3
       5
       7
      10
       4
       5
      11
       6
       7
       2
       4
       6
       3
       7
       5
       4
       8
       8
       6
      10
       3
       7
       3
       6
       6
       3
       4
       5
       3
       7
       3
       5
       8
       5
       7
       5
       7
       5
       4
       3
       6
       6
       6
       4
       5
       6
       5
       2
       5
       3
       5
       2
       4
       1
       8
       2
       3
       7
       4
       1
       4
       6
       2
       7
       5
       5
       3
       5
       4
       5
       6
       2
       4
       7
       3
       4
       7
       3
       5
       5
       6
       2
       8
       7
       4
       8
       5
      13
       6
       6
       6
       8
       6
       9
      10
       8
       8
      12
       4
       3
      12
       6
       7
       7
       8
       8
       8
       7
       7
       8
       2
       9
       5
       3
       3
       6
       5
       2
       5
       5
       6
       6
       3
       9
       6
       4
       4
       2
       9
       5
       5
       5
       2
       5
       5
       4
       7
       6
       6
       6
       2
       3
       7
       8
       5
       0
       1
       8
       5
       1
       4
       2
       3
       5
       7
       2
       3
       2
       4
       3
       5
       3
       2
       6
       8
       4
       5
       4
       2
       1
       5
       4
       5
       3
       4
       3
       9
       0
       3
       4
       1
       4
       7
       4
       9
       3
       3
       2
       3
       8
       2
       4
       2
       2
       3
       6
       4
       4
       3
       3
       4
       3
       4
       2
       2
       2
       3
       3
       3
       5
       1
       1
       2
       4
       1
       2
       2
       4
       3
       3
       4
       4
       3
       2
       2
       7
       3
       3
       2
       6
       1
       3
       3
       2
       2
       2
       3
       3
       2
       5
       2
       2
       4
       3
       5
       2
       3
       2
       3
       1
       2
       4
       0
       2
       3
       0
       0
       0
       1
       5
       1
       0
       3
       1
       2
       1
       2
       2
       2
       1
       0
       4
       0
       1
       2
       1
       2
       0
       1
       2
       1
       2
       2
       2
       3
       1
       1
       2
       1
       0
       4
       1
       1
       1
       1
       0
       1
       1
       1
       2
       0
       0
       0
       2
       0
       0
       3
       0
       0
       2
       2
       0
       1
       1
       0
       0
       0
       1
       0
       0
       0
       0
       1
       1
       0
       0
       1
       1
       1
       0
       2
       0
       0
       0
       1
       0
       0
       0
       0
       0
       2
       0
       1
       1
       1
       1
       0
       0
       2
       2
       0
       0
       2
       1
       0
       0
       0
       1
       1
       0
       0
       3
       1
       3
       1
       1
       0
       1
       1
       2
       2
       0
       2
       0
       0
       0
       3
       0
       0
       1
       1
       0
       1
       1
       0
       0
       2
       0
       0
       0
       1
       1
       0
       0
       0
       3
       0
       0
       0
       0
       0
       2
       0
       0
       0
       2
       0
       0
       0
       0
       0
       0
       0
       1
       0
       0
       0
       1
       1
       0
       1
       0
       0
       0
       1
       0
       0
       3
       1
       0
       0
       0
       0
       0
       0
       2
       0
       0
       0
       0
       0
       3
       0
       1
       0
       0
       1
       0
       1
       0
       0
       0
       0
       0
       0
       0
       0
       0
       0
       2
       1
       0
       1
       2
       0
       3
       1
       0
       0
       1
       0
       1
       1
       0
       0
       0
       0
       0
       1
       0
       2
       0
       0
       0
       1
       0
       0
       0
       1
       0
       1
       1
       0
       0
       1
       0
       0
       0
       0
       0
       1
       2
       1
       0
       1
       1
       0
       0
       0
       0
       0
       0
       0
       1
       0
       1
       0
       0
       0
       0
       0
       0
       0
       0
       0
       2
       2
       0
       0
       0
       1
       0
       1
       0
       0
       0
       0
       1
       0
       0
       1
       0
       0
       0
       0
       0
       0
       0
       0
       1
       1
       0
       0
       0
       0
       0
       0
       0
       0
       4
       0
       1
       0
       0
       2
       0
       0
       0
       1
       0
       0
       0
       0
       0
       0
       0
       0
       0
       0
       0
       0
       0
       0
       0
       0
       0
       0
       0
       0
       2
       0
       0
       0
       0
       1
       0
       0
       0
       0
       0
       0
       0
       0
       0
       0
       0
       0
       0
       0
       0
       0
       0
       1
       0
       0
       0
       0
       0
       0
       0
       0
       0
       2
       0
       1
       0
       0
       0
       0
       0
$ROI:
0
$PRESETS:
Live Time
300
0
$ENER_FIT:
0.000000 2.163128
$MCA_CAL:
3
0.000000E+000 2.163128E+000 0.000000E+000 keV
$SHAPE_CAL:
3
3.599727E+001 0.000000E+000 0.000000E+000
