$SPEC_ID:
No sample description was entered.
$SPEC_REM:
DET# 1
DETDESC# SPACESCIENCE4 digiBASE-RH SN 15121435
AP# Maestro Version 7.01
$DATE_MEA:
09/23/2024 15:37:56
$MEAS_TIM:
300 300
$DATA:
0 1023
       0
       0
       0
       0
       0
      88
     308
     186
     117
      77
     111
     100
     128
     119
     147
     132
     114
     102
      87
      82
      89
      87
     109
     101
      95
     104
     130
     133
     144
     172
     171
     151
     185
     202
     230
     217
     234
     229
     235
     241
     247
     250
     238
     255
     235
     243
     280
     260
     233
     232
     241
     229
     267
     230
     233
     213
     218
     198
     221
     208
     196
     218
     181
     166
     157
     179
     184
     161
     150
     164
     169
     167
     175
     158
     137
     146
     147
     138
     136
     125
     131
     134
     134
     122
     118
     122
     133
     111
     105
     114
     106
      90
      97
     100
     112
     102
      99
      90
      97
      97
      98
      92
      71
      89
     111
      82
      81
      74
      87
      88
      85
      74
      75
      69
      60
      74
      58
      56
      63
      77
      47
      70
      53
      70
      67
      58
      58
      47
      53
      39
      45
      45
      54
      48
      32
      57
      50
      50
      43
      53
      43
      44
      43
      39
      50
      36
      46
      38
      31
      50
      35
      44
      36
      34
      42
      35
      46
      32
      29
      31
      27
      40
      44
      24
      29
      18
      33
      25
      23
      38
      40
      29
      25
      20
      27
      27
      19
      23
      31
      26
      22
      19
      23
      23
      17
      19
      21
      21
      25
      19
      20
      21
      30
      19
      31
      23
      19
      23
      21
      32
      13
      21
      15
      23
      20
      16
      20
      26
      23
      20
      12
      17
      23
      18
      23
      12
      16
      17
      18
      17
      20
      12
      15
      19
      17
      13
      13
      15
      17
      12
      22
      13
      16
      10
      21
      18
      18
      11
      17
      20
      16
      22
      12
      20
      13
      14
      18
      13
      15
      20
      18
      16
      12
      10
      15
      13
      13
      13
      13
      14
      10
       7
      10
       9
      11
      13
      15
       9
      20
      10
       9
      15
      14
       8
      19
       8
      10
       7
      11
      12
      11
      12
      12
       4
       7
       7
      10
       9
       9
      10
       9
      14
       8
       6
       3
       8
      14
      16
       7
      14
       8
       9
      14
      12
      12
      19
      12
      12
       6
       5
      10
       7
       7
       5
      11
       4
       9
       7
       9
      10
       5
       5
       8
       7
       6
       6
      10
      11
       4
       7
      10
       8
       6
       7
       9
      10
       9
       9
      13
       6
       6
       9
       9
       8
      12
       7
       7
      11
      10
      12
       9
       7
      12
      13
       6
       9
       6
       3
       6
       8
       9
       6
       2
      15
       6
       9
      13
       4
       7
      10
       9
       9
       6
       8
       8
      12
       6
       7
       4
       8
      10
       3
       2
       8
       6
       7
      10
      14
       7
       6
       6
      10
       8
       5
       4
       7
       6
       8
      12
      11
      10
       5
       3
       3
       3
       8
       5
       6
       7
      10
      10
       9
       4
       8
       7
       7
       8
       6
       7
       6
      10
       7
       5
       7
       3
       3
       7
       6
       5
       9
       6
       7
       3
       5
       5
       9
       7
       3
       5
       3
       8
       4
       5
       5
       4
       7
       7
       6
       4
       2
       7
       6
       4
      10
       3
       6
       5
       5
       3
       8
       5
       5
       2
       8
       7
       5
       8
       9
       3
       4
       7
       9
       6
       5
      10
       5
       7
       3
       7
       4
       6
       3
       3
       7
       7
       3
       1
       7
       5
       9
      10
      10
       8
       2
       3
       5
       4
       3
      10
       4
       7
       1
       4
       5
       2
       2
       6
       6
       6
       6
       8
       5
       5
       6
       7
       8
       4
       6
       3
       1
       9
       4
       4
       5
       5
       9
       5
       6
       7
       2
       4
       6
       5
       3
       4
       5
       7
       4
       2
       6
       3
      10
       5
       3
       5
       5
       4
       3
       2
       4
       3
       5
       1
       2
       2
       3
       4
       7
       4
       3
       3
       5
       6
       7
       4
       6
       1
       3
       6
       6
       4
       5
       3
       1
       2
       4
       1
       8
       6
       2
       2
       2
       7
       5
       2
       5
       3
       3
       5
       5
       7
       0
       5
       6
       4
       4
       6
       4
       1
       6
       2
       1
       3
       5
       4
       3
       3
       4
       3
       1
       4
       3
       1
       8
       3
       3
       2
       5
       5
       3
       6
       0
       3
       2
       3
       3
       1
       5
       1
       4
       4
       4
       5
       2
       1
       1
       3
       3
       2
       3
       5
       3
       1
       6
       2
       2
       0
       1
       1
       0
       3
       2
       2
       4
       1
       3
       2
       1
       0
       4
       1
       3
       1
       3
       2
       0
       2
       3
       2
       3
       2
       3
       0
       3
       2
       0
       0
       2
       0
       0
       1
       0
       2
       2
       1
       0
       1
       0
       4
       2
       4
       2
       0
       1
       0
       1
       2
       0
       0
       0
       0
       2
       1
       3
       1
       1
       1
       0
       3
       1
       0
       0
       1
       2
       1
       0
       2
       1
       0
       1
       3
       2
       1
       2
       4
       1
       0
       0
       0
       1
       1
       1
       0
       0
       0
       1
       0
       0
       0
       0
       0
       0
       0
       0
       2
       3
       0
       1
       0
       2
       0
       0
       1
       0
       0
       0
       1
       1
       0
       0
       1
       1
       1
       2
       0
       0
       0
       0
       0
       0
       1
       0
       0
       1
       0
       0
       0
       0
       0
       0
       1
       1
       0
       0
       0
       0
       3
       3
       0
       0
       1
       0
       0
       0
       0
       0
       0
       0
       0
       0
       0
       1
       1
       0
       0
       0
       1
       1
       1
       0
       0
       0
       0
       0
       2
       0
       2
       0
       1
       0
       0
       0
       0
       1
       0
       1
       0
       0
       0
       0
       0
       0
       1
       1
       1
       0
       0
       1
       1
       0
       1
       0
       1
       0
       1
       0
       0
       0
       0
       1
       0
       0
       0
       0
       0
       1
       0
       1
       0
       0
       0
       0
       2
       1
       0
       0
       0
       0
       0
       0
       0
       3
       2
       3
       0
       0
       1
       0
       1
       1
       0
       0
       0
       1
       0
       0
       1
       0
       0
       0
       0
       1
       2
       0
       0
       0
       1
       1
       0
       2
       1
       0
       2
       0
       0
       0
       0
       0
       0
       1
       0
       0
       0
       1
       0
       0
       0
       0
       0
       1
       2
       0
       0
       0
       1
       0
       0
       1
       0
       1
       0
       1
       1
       1
       0
       0
       0
       0
       0
       0
       0
       0
       0
       0
       0
       1
       0
       0
       0
       0
       1
       0
       0
       0
       0
       0
       0
       1
       0
       0
       0
       0
       0
       0
       0
       0
       0
       1
       0
       0
       0
       0
       0
       0
       0
       0
       0
       0
       0
       0
       0
       0
       0
       0
       0
       1
       0
       0
       0
       0
       0
       0
       0
       0
       0
       1
       0
       0
       0
       0
       2
       0
       0
       0
       1
       0
       0
       0
       0
       0
       0
       1
       0
       1
       0
       0
       0
       0
       0
       0
       1
       0
       0
       0
$ROI:
0
$PRESETS:
Live Time
300
0
$ENER_FIT:
0.000000 2.163128
$MCA_CAL:
3
0.000000E+000 2.163128E+000 0.000000E+000 keV
$SHAPE_CAL:
3
3.599727E+001 0.000000E+000 0.000000E+000
